cpu-bind=MASK - ault09, task  0  0 [2131]: mask 0x10000000000000001 set
     NUMOMP=1, NGPTOT=8192, NPROMA=16, NGPBLKS=512
     NUMOMP    NGPTOT  #GP-cols     #BLKS    NPROMA tid# : Time(msec)  MFlops/s
          1      8192      8192         0        16    0 :          9    108668 @ core#
          1      8192      8192       512        16   -1 :        130      7816 TOTAL
             Variable Dim             MinValue             MaxValue            AbsMaxErr         AvgAbsErr/GP          MaxRelErr-%
                PLUDE 2D1  0.0000000000000e+00  1.0267201089823e-04  0.0000000000000e+00  0.0000000000000e+00  0.0000000000000e+00      
             PCOVPTOT 2D3  0.0000000000000e+00  1.0000000000000e+00  3.6637359812630e-15  1.0218944288855e-15  3.8343344822433e-15      
     PRAINFRAC_TOPRFZ 2D1  0.0000000000000e+00  0.0000000000000e+00  0.0000000000000e+00  0.0000000000000e+00  0.0000000000000e+00      
               PFSQLF 2D3 -2.5817563600963e-06  4.0808628024869e-06  1.5396809049817e-19  2.5092847839715e-19  2.4687328027649e-12  !!!!
               PFSQIF 2D3 -2.8108738214051e-06  3.8878365981669e-06  1.7639461126571e-19  2.2380337359811e-19  9.9852817935820e-13  !!!!
              PFCQLNG 2D1 -3.5555642908082e-08  1.4133894678714e-09  3.3087224502121e-24  4.2332357160543e-24  0.0000000000000e+00      
              PFCQNNG 2D1 -5.2850140216625e-07  8.7885623295760e-09  5.2939559203394e-23  2.3136221443606e-23  0.0000000000000e+00      
               PFSQRF 2D3 -2.5817563600963e-06  4.0808628024869e-06  1.5396809049817e-19  2.4112004216262e-19  2.4979939829213e-12  !!!!
               PFSQSF 2D3 -2.7688769863077e-06  3.8603498954962e-06  1.8528845721188e-19  2.2198454866578e-19  9.9612784624073e-13  !!!!
              PFCQRNG 2D1 -3.5555642908082e-08  1.4133894678714e-09  3.3087224502121e-24  4.0316900378099e-24  0.0000000000000e+00      
              PFCQSNG 2D1 -5.2850140216625e-07  8.7885623295760e-09  5.2939559203394e-23  2.1077840767156e-23  0.0000000000000e+00      
             PFSQLTUR 2D1 -8.1159493430619e-07  2.6534563852270e-07  1.0587911840679e-22  3.4906091887926e-23  0.0000000000000e+00      
             PFSQITUR 2D1 -2.6516903010901e-06  3.8645677692316e-07  2.1175823681358e-22  1.2061442580379e-22  0.0000000000000e+00      
               PFPLSL 2D1  0.0000000000000e+00  0.0000000000000e+00  0.0000000000000e+00  0.0000000000000e+00  0.0000000000000e+00      
               PFPLSN 2D3  0.0000000000000e+00  2.9699580041076e-05  2.8460307027744e-19  3.7574349334765e-19  2.1704845723208e-13      
               PFHPSL 2D1 -0.0000000000000e+00 -0.0000000000000e+00  0.0000000000000e+00  0.0000000000000e+00  0.0000000000000e+00      
               PFHPSN 2D3 -8.4183459626431e+01 -0.0000000000000e+00  8.0646600508771e-13  1.0646281229516e-12  2.1696351458299e-13      
       TENDENCY_LOC%A 2D3 -2.7777777777778e-04  2.6313098096235e-04  8.4025668367627e-18  1.1851843142152e-18  2.5964980846879e-13  !!!!
       TENDENCY_LOC%Q 2D1 -1.9973824048511e-08  1.4955800737964e-08  1.7470054537120e-21  7.2802106272111e-22  0.0000000000000e+00      
       TENDENCY_LOC%T 2D3 -4.1322003941667e-05  5.4352784463613e-05  4.9195673576530e-18  2.3259940938487e-18  1.0469915600544e-12  !!!!
     TENDENCY_LOC%CLD 2D1 -1.2224810361478e-08  9.8165463509733e-09  7.7739467943499e-22  3.7348262431763e-22  0.0000000000000e+00      
