cpu-bind=MASK - ault25, task  0  0 [3096009]: mask 0x100000000000000000000000000000001 set
     NUMOMP=1, NGPTOT=65536, NPROMA=4, NGPBLKS=16384
     NUMOMP    NGPTOT  #GP-cols     #BLKS    NPROMA tid# : Time(msec)  MFlops/s
          1     65536     65536         0         4    0 :        152     53473 @ core#
          1     65536     65536     16384         4   -1 :        825      9905 TOTAL
             Variable Dim             MinValue             MaxValue            AbsMaxErr         AvgAbsErr/GP          MaxRelErr-%
                PLUDE 2D1  0.0000000000000e+00  1.0267201089823e-04  0.0000000000000e+00  0.0000000000000e+00  0.0000000000000e+00      
             PCOVPTOT 2D3  0.0000000000000e+00  1.0000000000000e+00  3.6637359812630e-15  1.0208466491297e-15  3.8307277124547e-15      
     PRAINFRAC_TOPRFZ 2D1  0.0000000000000e+00  0.0000000000000e+00  0.0000000000000e+00  0.0000000000000e+00  0.0000000000000e+00      
               PFSQLF 2D3 -2.5817563600963e-06  4.0808628024869e-06  1.5396809049817e-19  2.5085089545581e-19  2.4635999103005e-12  !!!!
               PFSQIF 2D3 -2.8108738214051e-06  3.8878365981669e-06  1.7639461126571e-19  2.2365873624101e-19  9.9812382240936e-13  !!!!
              PFCQLNG 2D1 -3.5555642908082e-08  1.4133894678714e-09  3.3087224502121e-24  4.2296973498817e-24  0.0000000000000e+00      
              PFCQNNG 2D1 -5.2850140216625e-07  8.7885623295760e-09  5.2939559203394e-23  2.3122198011205e-23  0.0000000000000e+00      
               PFSQRF 2D3 -2.5817563600963e-06  4.0808628024869e-06  1.5396809049817e-19  2.4104403275266e-19  2.4928063861468e-12  !!!!
               PFSQSF 2D3 -2.7688769863077e-06  3.8603498954962e-06  1.8528845721188e-19  2.2183935111658e-19  9.9572924123452e-13  !!!!
              PFCQRNG 2D1 -3.5555642908082e-08  1.4133894678714e-09  3.3087224502121e-24  4.0281961683227e-24  0.0000000000000e+00      
              PFCQSNG 2D1 -5.2850140216625e-07  8.7885623295760e-09  5.2939559203394e-23  2.1064180210771e-23  0.0000000000000e+00      
             PFSQLTUR 2D1 -8.1159493430619e-07  2.6534563852270e-07  1.0587911840679e-22  3.4876637002952e-23  0.0000000000000e+00      
             PFSQITUR 2D1 -2.6516903010901e-06  3.8645677692316e-07  2.1175823681358e-22  1.2051797308668e-22  0.0000000000000e+00      
               PFPLSL 2D1  0.0000000000000e+00  0.0000000000000e+00  0.0000000000000e+00  0.0000000000000e+00  0.0000000000000e+00      
               PFPLSN 2D3  0.0000000000000e+00  2.9699580041076e-05  2.8460307027744e-19  3.7564211173421e-19  2.1693598520255e-13      
               PFHPSL 2D1 -0.0000000000000e+00 -0.0000000000000e+00  0.0000000000000e+00  0.0000000000000e+00  0.0000000000000e+00      
               PFHPSN 2D3 -8.4183459626431e+01 -0.0000000000000e+00  8.0646600508771e-13  1.0643358386608e-12  2.1685006163102e-13      
       TENDENCY_LOC%A 2D3 -2.7777777777778e-04  2.6313098096235e-04  8.4025668367627e-18  1.1847731446497e-18  2.5956833957689e-13  !!!!
       TENDENCY_LOC%Q 2D1 -1.9973824048511e-08  1.4955800737964e-08  1.7470054537120e-21  7.2807747800316e-22  0.0000000000000e+00      
       TENDENCY_LOC%T 2D3 -4.1322003941667e-05  5.4352784463613e-05  4.9195673576530e-18  2.3262081387147e-18  1.0467580415286e-12  !!!!
     TENDENCY_LOC%CLD 2D1 -1.2224810361478e-08  9.8165463509733e-09  7.7739467943499e-22  3.7345643160012e-22  0.0000000000000e+00      
