cpu-bind=MASK - ault07, task  0  0 [1866470]: mask 0xffff000000000000ffff set
     NUMOMP=32, NGPTOT=16384, NPROMA=16, NGPBLKS=1024
 Reference MFLOP count for 100 columns :  12.48232900
     NUMOMP    NGPTOT  #GP-cols     #BLKS    NPROMA tid# : Time(msec)  MFlops/s     col/s
         32     16384       512        32        16    0 :        131       485    124452 @ core#
         32     16384       512        32        16    1 :        130       489    125419 @ core#
         32     16384       512        32        16    2 :        129       494    126728 @ core#
         32     16384       512        32        16    3 :        131       486    124698 @ core#
         32     16384       528        33        16    4 :        130       503    125275 @ core#
         32     16384       512        32        16    5 :        130       488    125250 @ core#
         32     16384       528        33        16    6 :        131       499    124293 @ core#
         32     16384       512        32        16    7 :        131       484    124269 @ core#
         32     16384       528        33        16    8 :        131       500    124406 @ core#
         32     16384       512        32        16    9 :        130       490    125838 @ core#
         32     16384       512        32        16   10 :        128       496    127345 @ core#
         32     16384       528        33        16   11 :        130       503    125290 @ core#
         32     16384       496        31        16   12 :        128       481    127304 @ core#
         32     16384       528        33        16   13 :        130       504    125537 @ core#
         32     16384       512        32        16   14 :        130       487    125084 @ core#
         32     16384       512        32        16   15 :        131       486    124680 @ core#
         32     16384       512        32        16   16 :        132       484    124108 @ core#
         32     16384       496        31        16   17 :        129       479    126989 @ core#
         32     16384       512        32        16   18 :        130       489    125368 @ core#
         32     16384       512        32        16   19 :        130       490    125749 @ core#
         32     16384       512        32        16   20 :        130       490    125798 @ core#
         32     16384       528        33        16   21 :        130       504    125409 @ core#
         32     16384       512        32        16   22 :        131       485    124414 @ core#
         32     16384       512        32        16   23 :        131       486    124677 @ core#
         32     16384       496        31        16   24 :        130       473    125211 @ core#
         32     16384       512        32        16   25 :        131       487    124923 @ core#
         32     16384       496        31        16   26 :        129       478    126739 @ core#
         32     16384       512        32        16   27 :        130       491    125934 @ core#
         32     16384       512        32        16   28 :        130       489    125506 @ core#
         32     16384       496        31        16   29 :        130       475    125834 @ core#
         32     16384       512        32        16   30 :        131       485    124473 @ core#
         32     16384       496        31        16   31 :        129       479    126936 @ core#
         32     16384     16384      1024        16   -1 :        132     15462    126936 TOTAL
             Variable Dim             MinValue             MaxValue            AbsMaxErr         AvgAbsErr/GP          MaxRelErr-%
                PLUDE 2D1  0.0000000000000e+00  1.0267201089823e-04  0.0000000000000e+00  0.0000000000000e+00  0.0000000000000e+00      
             PCOVPTOT 2D1  0.0000000000000e+00  1.0000000000000e+00  0.0000000000000e+00  0.0000000000000e+00  0.0000000000000e+00      
     PRAINFRAC_TOPRFZ 2D1  0.0000000000000e+00  0.0000000000000e+00  0.0000000000000e+00  0.0000000000000e+00  0.0000000000000e+00      
               PFSQLF 2D1 -2.5817563600963e-06  4.0808628024869e-06  1.3234889800848e-21  2.3393984426514e-22  0.0000000000000e+00      
               PFSQIF 2D1 -2.8108738214051e-06  3.8878365981669e-06  6.6174449004242e-22  1.6778357061615e-22  0.0000000000000e+00      
              PFCQLNG 2D1 -3.5555642908082e-08  1.4133894678714e-09  0.0000000000000e+00  0.0000000000000e+00  0.0000000000000e+00      
              PFCQNNG 2D1 -5.2850140216625e-07  8.7885623295760e-09  0.0000000000000e+00  0.0000000000000e+00  0.0000000000000e+00      
               PFSQRF 2D1 -2.5817563600963e-06  4.0808628024869e-06  1.3234889800848e-21  2.1141855961867e-22  0.0000000000000e+00      
               PFSQSF 2D1 -2.7688769863077e-06  3.8603498954962e-06  6.7497937984327e-22  1.6700526151440e-22  0.0000000000000e+00      
              PFCQRNG 2D1 -3.5555642908082e-08  1.4133894678714e-09  0.0000000000000e+00  0.0000000000000e+00  0.0000000000000e+00      
              PFCQSNG 2D1 -5.2850140216625e-07  8.7885623295760e-09  0.0000000000000e+00  0.0000000000000e+00  0.0000000000000e+00      
             PFSQLTUR 2D1 -8.1159493430619e-07  2.6534563852270e-07  0.0000000000000e+00  0.0000000000000e+00  0.0000000000000e+00      
             PFSQITUR 2D1 -2.6516903010901e-06  3.8645677692316e-07  0.0000000000000e+00  0.0000000000000e+00  0.0000000000000e+00      
               PFPLSL 2D1  0.0000000000000e+00  0.0000000000000e+00  0.0000000000000e+00  0.0000000000000e+00  0.0000000000000e+00      
               PFPLSN 2D1  0.0000000000000e+00  2.9699580041076e-05  6.7762635780344e-21  1.6702586025036e-21  0.0000000000000e+00      
               PFHPSL 2D1 -0.0000000000000e+00 -0.0000000000000e+00  0.0000000000000e+00  0.0000000000000e+00  0.0000000000000e+00      
               PFHPSN 2D3 -8.4183459626431e+01 -0.0000000000000e+00  2.1316282072803e-14  4.7474773678252e-15  1.0030451290915e-15      
       TENDENCY_LOC%A 2D1 -2.7777777777778e-04  2.6313098096235e-04  3.0831999280057e-19  6.9430398300726e-21  0.0000000000000e+00      
       TENDENCY_LOC%Q 2D1 -1.9973824048511e-08  1.4955800737964e-08  1.2076836943274e-22  3.6240017550364e-24  0.0000000000000e+00      
       TENDENCY_LOC%T 2D2 -4.1322003941667e-05  5.4352784463612e-05  2.9646153153901e-19  2.3317476682201e-20  3.8203353796118e-14      
     TENDENCY_LOC%CLD 2D1 -1.2224810361478e-08  9.8165463509733e-09  2.6883369907973e-23  1.1445983220761e-24  0.0000000000000e+00      
