cpu-bind=MASK - ault07, task  0  0 [1863539]: mask 0xffff000000000000ffff set
     NUMOMP=32, NGPTOT=8192, NPROMA=16, NGPBLKS=512
 Reference MFLOP count for 100 columns :  12.48232900
     NUMOMP    NGPTOT  #GP-cols     #BLKS    NPROMA tid# : Time(msec)  MFlops/s     col/s
         32      8192       256        16        16    0 :         66       479    122941 @ core#
         32      8192       256        16        16    1 :         66       481    123418 @ core#
         32      8192       256        16        16    2 :         66       480    123260 @ core#
         32      8192       256        16        16    3 :         65       490    125710 @ core#
         32      8192       272        17        16    4 :         66       512    123754 @ core#
         32      8192       256        16        16    5 :         64       494    126876 @ core#
         32      8192       256        16        16    6 :         66       481    123384 @ core#
         32      8192       256        16        16    7 :         66       483    124059 @ core#
         32      8192       256        16        16    8 :         64       492    126310 @ core#
         32      8192       256        16        16    9 :         64       493    126471 @ core#
         32      8192       256        16        16   10 :         66       481    123490 @ core#
         32      8192       256        16        16   11 :         66       479    123045 @ core#
         32      8192       256        16        16   12 :         64       498    127811 @ core#
         32      8192       256        16        16   13 :         66       482    123569 @ core#
         32      8192       256        16        16   14 :         65       488    125115 @ core#
         32      8192       256        16        16   15 :         66       481    123344 @ core#
         32      8192       256        16        16   16 :         66       480    123283 @ core#
         32      8192       256        16        16   17 :         66       479    123052 @ core#
         32      8192       240        15        16   18 :         64       464    126895 @ core#
         32      8192       240        15        16   19 :         66       453    124113 @ core#
         32      8192       256        16        16   20 :         64       492    126141 @ core#
         32      8192       256        16        16   21 :         66       483    123831 @ core#
         32      8192       256        16        16   22 :         66       481    123560 @ core#
         32      8192       240        15        16   23 :         65       460    125907 @ core#
         32      8192       256        16        16   24 :         66       484    124093 @ core#
         32      8192       256        16        16   25 :         66       480    123249 @ core#
         32      8192       256        16        16   26 :         64       493    126563 @ core#
         32      8192       272        17        16   27 :         67       506    122239 @ core#
         32      8192       256        16        16   28 :         65       486    124609 @ core#
         32      8192       272        17        16   29 :         66       507    122350 @ core#
         32      8192       256        16        16   30 :         65       487    124965 @ core#
         32      8192       256        16        16   31 :         65       485    124562 @ core#
         32      8192      8192       512        16   -1 :         67     15169    124562 TOTAL
             Variable Dim             MinValue             MaxValue            AbsMaxErr         AvgAbsErr/GP          MaxRelErr-%
                PLUDE 2D1  0.0000000000000e+00  1.0267201089823e-04  0.0000000000000e+00  0.0000000000000e+00  0.0000000000000e+00      
             PCOVPTOT 2D1  0.0000000000000e+00  1.0000000000000e+00  0.0000000000000e+00  0.0000000000000e+00  0.0000000000000e+00      
     PRAINFRAC_TOPRFZ 2D1  0.0000000000000e+00  0.0000000000000e+00  0.0000000000000e+00  0.0000000000000e+00  0.0000000000000e+00      
               PFSQLF 2D1 -2.5817563600963e-06  4.0808628024869e-06  1.3234889800848e-21  2.3393984426514e-22  0.0000000000000e+00      
               PFSQIF 2D1 -2.8108738214051e-06  3.8878365981669e-06  6.6174449004242e-22  1.6778357061615e-22  0.0000000000000e+00      
              PFCQLNG 2D1 -3.5555642908082e-08  1.4133894678714e-09  0.0000000000000e+00  0.0000000000000e+00  0.0000000000000e+00      
              PFCQNNG 2D1 -5.2850140216625e-07  8.7885623295760e-09  0.0000000000000e+00  0.0000000000000e+00  0.0000000000000e+00      
               PFSQRF 2D1 -2.5817563600963e-06  4.0808628024869e-06  1.3234889800848e-21  2.1141855961867e-22  0.0000000000000e+00      
               PFSQSF 2D1 -2.7688769863077e-06  3.8603498954962e-06  6.7497937984327e-22  1.6700526151440e-22  0.0000000000000e+00      
              PFCQRNG 2D1 -3.5555642908082e-08  1.4133894678714e-09  0.0000000000000e+00  0.0000000000000e+00  0.0000000000000e+00      
              PFCQSNG 2D1 -5.2850140216625e-07  8.7885623295760e-09  0.0000000000000e+00  0.0000000000000e+00  0.0000000000000e+00      
             PFSQLTUR 2D1 -8.1159493430619e-07  2.6534563852270e-07  0.0000000000000e+00  0.0000000000000e+00  0.0000000000000e+00      
             PFSQITUR 2D1 -2.6516903010901e-06  3.8645677692316e-07  0.0000000000000e+00  0.0000000000000e+00  0.0000000000000e+00      
               PFPLSL 2D1  0.0000000000000e+00  0.0000000000000e+00  0.0000000000000e+00  0.0000000000000e+00  0.0000000000000e+00      
               PFPLSN 2D1  0.0000000000000e+00  2.9699580041076e-05  6.7762635780344e-21  1.6702327531094e-21  0.0000000000000e+00      
               PFHPSL 2D1 -0.0000000000000e+00 -0.0000000000000e+00  0.0000000000000e+00  0.0000000000000e+00  0.0000000000000e+00      
               PFHPSN 2D3 -8.4183459626431e+01 -0.0000000000000e+00  2.1316282072803e-14  4.7474502627709e-15  1.0033560138268e-15      
       TENDENCY_LOC%A 2D1 -2.7777777777778e-04  2.6313098096235e-04  3.0831999280057e-19  6.9430325599305e-21  0.0000000000000e+00      
       TENDENCY_LOC%Q 2D1 -1.9973824048511e-08  1.4955800737964e-08  1.2076836943274e-22  3.6240017550364e-24  0.0000000000000e+00      
       TENDENCY_LOC%T 2D1 -4.1322003941667e-05  5.4352784463612e-05  2.9646153153901e-19  2.3316481480527e-20  0.0000000000000e+00      
     TENDENCY_LOC%CLD 2D1 -1.2224810361478e-08  9.8165463509733e-09  2.6883369907973e-23  1.1445924056193e-24  0.0000000000000e+00      
