cpu-bind=MASK - ault07, task  0  0 [1873559]: mask 0xffff000000000000ffff set
     NUMOMP=32, NGPTOT=65536, NPROMA=16, NGPBLKS=4096
 Reference MFLOP count for 100 columns :  12.48232900
     NUMOMP    NGPTOT  #GP-cols     #BLKS    NPROMA tid# : Time(msec)  MFlops/s     col/s
         32     65536      2048       128        16    0 :        585       436    111930 @ core#
         32     65536      2080       130        16    1 :        585       443    111979 @ core#
         32     65536      2032       127        16    2 :        584       433    112079 @ core#
         32     65536      2064       129        16    3 :        584       440    112060 @ core#
         32     65536      2080       130        16    4 :        584       443    112064 @ core#
         32     65536      2064       129        16    5 :        585       439    111840 @ core#
         32     65536      2064       129        16    6 :        582       441    112419 @ core#
         32     65536      2064       129        16    7 :        584       440    112122 @ core#
         32     65536      2096       131        16    8 :        584       447    112115 @ core#
         32     65536      2016       126        16    9 :        583       430    112220 @ core#
         32     65536      2080       130        16   10 :        584       444    112176 @ core#
         32     65536      2080       130        16   11 :        583       445    112371 @ core#
         32     65536      2064       129        16   12 :        584       440    112148 @ core#
         32     65536      2080       130        16   13 :        584       444    112131 @ core#
         32     65536      2096       131        16   14 :        585       447    111995 @ core#
         32     65536      2080       130        16   15 :        584       443    112037 @ core#
         32     65536      2016       126        16   16 :        582       431    112482 @ core#
         32     65536      2048       128        16   17 :        584       437    112091 @ core#
         32     65536      2016       126        16   18 :        582       432    112512 @ core#
         32     65536      2032       127        16   19 :        584       434    112169 @ core#
         32     65536      2032       127        16   20 :        584       434    112176 @ core#
         32     65536      2032       127        16   21 :        585       433    111984 @ core#
         32     65536      2048       128        16   22 :        584       437    112192 @ core#
         32     65536      2032       127        16   23 :        584       433    112105 @ core#
         32     65536      2000       125        16   24 :        585       426    112007 @ core#
         32     65536      2032       127        16   25 :        585       433    111969 @ core#
         32     65536      2016       126        16   26 :        584       430    112213 @ core#
         32     65536      2016       126        16   27 :        582       431    112463 @ core#
         32     65536      2064       129        16   28 :        584       440    112056 @ core#
         32     65536      2032       127        16   29 :        584       433    112099 @ core#
         32     65536      2000       125        16   30 :        582       428    112474 @ core#
         32     65536      2032       127        16   31 :        582       435    112445 @ core#
         32     65536     65536      4096        16   -1 :        586     13958    112445 TOTAL
             Variable Dim             MinValue             MaxValue            AbsMaxErr         AvgAbsErr/GP          MaxRelErr-%
                PLUDE 2D1  0.0000000000000e+00  1.0267201089823e-04  0.0000000000000e+00  0.0000000000000e+00  0.0000000000000e+00      
             PCOVPTOT 2D1  0.0000000000000e+00  1.0000000000000e+00  0.0000000000000e+00  0.0000000000000e+00  0.0000000000000e+00      
     PRAINFRAC_TOPRFZ 2D1  0.0000000000000e+00  0.0000000000000e+00  0.0000000000000e+00  0.0000000000000e+00  0.0000000000000e+00      
               PFSQLF 2D1 -2.5817563600963e-06  4.0808628024869e-06  1.3234889800848e-21  2.3368781267225e-22  0.0000000000000e+00      
               PFSQIF 2D1 -2.8108738214051e-06  3.8878365981669e-06  6.6174449004242e-22  1.6762807035451e-22  0.0000000000000e+00      
              PFCQLNG 2D1 -3.5555642908082e-08  1.4133894678714e-09  0.0000000000000e+00  0.0000000000000e+00  0.0000000000000e+00      
              PFCQNNG 2D1 -5.2850140216625e-07  8.7885623295760e-09  0.0000000000000e+00  0.0000000000000e+00  0.0000000000000e+00      
               PFSQRF 2D1 -2.5817563600963e-06  4.0808628024869e-06  1.3234889800848e-21  2.1119076183280e-22  0.0000000000000e+00      
               PFSQSF 2D1 -2.7688769863077e-06  3.8603498954962e-06  6.7497937984327e-22  1.6685387595124e-22  0.0000000000000e+00      
              PFCQRNG 2D1 -3.5555642908082e-08  1.4133894678714e-09  0.0000000000000e+00  0.0000000000000e+00  0.0000000000000e+00      
              PFCQSNG 2D1 -5.2850140216625e-07  8.7885623295760e-09  0.0000000000000e+00  0.0000000000000e+00  0.0000000000000e+00      
             PFSQLTUR 2D1 -8.1159493430619e-07  2.6534563852270e-07  0.0000000000000e+00  0.0000000000000e+00  0.0000000000000e+00      
             PFSQITUR 2D1 -2.6516903010901e-06  3.8645677692316e-07  0.0000000000000e+00  0.0000000000000e+00  0.0000000000000e+00      
               PFPLSL 2D1  0.0000000000000e+00  0.0000000000000e+00  0.0000000000000e+00  0.0000000000000e+00  0.0000000000000e+00      
               PFPLSN 2D1  0.0000000000000e+00  2.9699580041076e-05  6.7762635780344e-21  1.6691664656010e-21  0.0000000000000e+00      
               PFHPSL 2D1 -0.0000000000000e+00 -0.0000000000000e+00  0.0000000000000e+00  0.0000000000000e+00  0.0000000000000e+00      
               PFHPSN 2D3 -8.4183459626431e+01 -0.0000000000000e+00  2.1316282072803e-14  4.7443060764707e-15  1.0024251587830e-15      
       TENDENCY_LOC%A 2D2 -2.7777777777778e-04  2.6313098096235e-04  3.0831999280057e-19  6.9416364906984e-21  4.5492708905441e-14      
       TENDENCY_LOC%Q 2D1 -1.9973824048511e-08  1.4955800737964e-08  1.2076836943274e-22  3.6230819432209e-24  0.0000000000000e+00      
       TENDENCY_LOC%T 2D2 -4.1322003941667e-05  5.4352784463612e-05  2.9646153153901e-19  2.3302458285179e-20  1.5271499061775e-13      
     TENDENCY_LOC%CLD 2D1 -1.2224810361478e-08  9.8165463509733e-09  2.6883369907973e-23  1.1436846732364e-24  0.0000000000000e+00      
