cpu-bind=MASK - ault07, task  0  0 [1860143]: mask 0xffff000000000000ffff set
     NUMOMP=32, NGPTOT=4096, NPROMA=16, NGPBLKS=256
 Reference MFLOP count for 100 columns :  12.48232900
     NUMOMP    NGPTOT  #GP-cols     #BLKS    NPROMA tid# : Time(msec)  MFlops/s     col/s
         32      4096       128         8        16    0 :         37       423    108607 @ core#
         32      4096       128         8        16    1 :         38       415    106504 @ core#
         32      4096       128         8        16    2 :         38       416    106734 @ core#
         32      4096       128         8        16    3 :         36       437    112073 @ core#
         32      4096       128         8        16    4 :         37       431    110643 @ core#
         32      4096       128         8        16    5 :         37       422    108281 @ core#
         32      4096       128         8        16    6 :         37       422    108311 @ core#
         32      4096       128         8        16    7 :         37       421    108002 @ core#
         32      4096       128         8        16    8 :         37       422    108257 @ core#
         32      4096       128         8        16    9 :         38       415    106487 @ core#
         32      4096       128         8        16   10 :         37       426    109234 @ core#
         32      4096       128         8        16   11 :         38       411    105555 @ core#
         32      4096       112         7        16   12 :         35       390    114389 @ core#
         32      4096       112         7        16   13 :         35       391    114835 @ core#
         32      4096       112         7        16   14 :         35       392    114875 @ core#
         32      4096       128         8        16   15 :         38       415    106587 @ core#
         32      4096       128         8        16   16 :         36       432    110811 @ core#
         32      4096       144         9        16   17 :         38       463    105508 @ core#
         32      4096       128         8        16   18 :         35       447    114817 @ core#
         32      4096       128         8        16   19 :         35       447    114680 @ core#
         32      4096       144         9        16   20 :         38       468    106792 @ core#
         32      4096       144         9        16   21 :         38       464    105848 @ core#
         32      4096       128         8        16   22 :         35       448    114875 @ core#
         32      4096       128         8        16   23 :         35       445    114185 @ core#
         32      4096       128         8        16   24 :         36       433    111221 @ core#
         32      4096       128         8        16   25 :         37       430    110468 @ core#
         32      4096       128         8        16   26 :         38       417    106953 @ core#
         32      4096       128         8        16   27 :         37       431    110521 @ core#
         32      4096       128         8        16   28 :         37       430    110356 @ core#
         32      4096       128         8        16   29 :         37       431    110524 @ core#
         32      4096       128         8        16   30 :         37       423    108444 @ core#
         32      4096       128         8        16   31 :         37       426    109315 @ core#
         32      4096      4096       256        16   -1 :         38     13152    109315 TOTAL
             Variable Dim             MinValue             MaxValue            AbsMaxErr         AvgAbsErr/GP          MaxRelErr-%
                PLUDE 2D1  0.0000000000000e+00  1.0267201089823e-04  0.0000000000000e+00  0.0000000000000e+00  0.0000000000000e+00      
             PCOVPTOT 2D1  0.0000000000000e+00  1.0000000000000e+00  0.0000000000000e+00  0.0000000000000e+00  0.0000000000000e+00      
     PRAINFRAC_TOPRFZ 2D1  0.0000000000000e+00  0.0000000000000e+00  0.0000000000000e+00  0.0000000000000e+00  0.0000000000000e+00      
               PFSQLF 2D1 -2.5817563600963e-06  4.0808628024869e-06  1.3234889800848e-21  2.3393984426514e-22  0.0000000000000e+00      
               PFSQIF 2D1 -2.8108738214051e-06  3.8878365981669e-06  6.6174449004242e-22  1.6778357061615e-22  0.0000000000000e+00      
              PFCQLNG 2D1 -3.5555642908082e-08  1.4133894678714e-09  0.0000000000000e+00  0.0000000000000e+00  0.0000000000000e+00      
              PFCQNNG 2D1 -5.2850140216625e-07  8.7885623295760e-09  0.0000000000000e+00  0.0000000000000e+00  0.0000000000000e+00      
               PFSQRF 2D1 -2.5817563600963e-06  4.0808628024869e-06  1.3234889800848e-21  2.1141855961867e-22  0.0000000000000e+00      
               PFSQSF 2D1 -2.7688769863077e-06  3.8603498954962e-06  6.7497937984327e-22  1.6700526151440e-22  0.0000000000000e+00      
              PFCQRNG 2D1 -3.5555642908082e-08  1.4133894678714e-09  0.0000000000000e+00  0.0000000000000e+00  0.0000000000000e+00      
              PFCQSNG 2D1 -5.2850140216625e-07  8.7885623295760e-09  0.0000000000000e+00  0.0000000000000e+00  0.0000000000000e+00      
             PFSQLTUR 2D1 -8.1159493430619e-07  2.6534563852270e-07  0.0000000000000e+00  0.0000000000000e+00  0.0000000000000e+00      
             PFSQITUR 2D1 -2.6516903010901e-06  3.8645677692316e-07  0.0000000000000e+00  0.0000000000000e+00  0.0000000000000e+00      
               PFPLSL 2D1  0.0000000000000e+00  0.0000000000000e+00  0.0000000000000e+00  0.0000000000000e+00  0.0000000000000e+00      
               PFPLSN 2D1  0.0000000000000e+00  2.9699580041076e-05  6.7762635780344e-21  1.6702844518977e-21  0.0000000000000e+00      
               PFHPSL 2D1 -0.0000000000000e+00 -0.0000000000000e+00  0.0000000000000e+00  0.0000000000000e+00  0.0000000000000e+00      
               PFHPSN 2D3 -8.4183459626431e+01 -0.0000000000000e+00  2.1316282072803e-14  4.7475044728795e-15  1.0042128423025e-15      
       TENDENCY_LOC%A 2D1 -2.7777777777778e-04  2.6313098096235e-04  3.0831999280057e-19  6.9430471002147e-21  0.0000000000000e+00      
       TENDENCY_LOC%Q 2D1 -1.9973824048511e-08  1.4955800737964e-08  1.2076836943274e-22  3.6240017550364e-24  0.0000000000000e+00      
       TENDENCY_LOC%T 2D1 -4.1322003941667e-05  5.4352784463612e-05  2.9646153153901e-19  2.3318471883876e-20  0.0000000000000e+00      
     TENDENCY_LOC%CLD 2D1 -1.2224810361478e-08  9.8165463509733e-09  2.6883369907973e-23  1.1446050273938e-24  0.0000000000000e+00      
