cpu-bind=MASK - ault07, task  0  0 [1876977]: mask 0xffff000000000000ffff set
     NUMOMP=32, NGPTOT=131072, NPROMA=16, NGPBLKS=8192
 Reference MFLOP count for 100 columns :  12.48232900
     NUMOMP    NGPTOT  #GP-cols     #BLKS    NPROMA tid# : Time(msec)  MFlops/s     col/s
         32    131072      4128       258        16    0 :       1656       311     79132 @ core#
         32    131072      4128       258        16    1 :       1656       311     79147 @ core#
         32    131072      4096       256        16    2 :       1656       308     79127 @ core#
         32    131072      4048       253        16    3 :       1655       305     79152 @ core#
         32    131072      4048       253        16    4 :       1653       305     79248 @ core#
         32    131072      4096       256        16    5 :       1656       308     79112 @ core#
         32    131072      4064       254        16    6 :       1654       306     79198 @ core#
         32    131072      4016       251        16    7 :       1654       303     79233 @ core#
         32    131072      4048       253        16    8 :       1653       305     79255 @ core#
         32    131072      4160       260        16    9 :       1654       313     79233 @ core#
         32    131072      4016       251        16   10 :       1653       303     79245 @ core#
         32    131072      4000       250        16   11 :       1655       301     79159 @ core#
         32    131072      4032       252        16   12 :       1654       304     79224 @ core#
         32    131072      4032       252        16   13 :       1654       304     79239 @ core#
         32    131072      4064       254        16   14 :       1654       306     79235 @ core#
         32    131072      4032       252        16   15 :       1653       304     79245 @ core#
         32    131072      4064       254        16   16 :       1654       306     79205 @ core#
         32    131072      4080       255        16   17 :       1654       307     79218 @ core#
         32    131072      4080       255        16   18 :       1656       307     79144 @ core#
         32    131072      4096       256        16   19 :       1656       308     79111 @ core#
         32    131072      4160       260        16   20 :       1654       313     79203 @ core#
         32    131072      4080       255        16   21 :       1656       307     79149 @ core#
         32    131072      4160       260        16   22 :       1654       313     79198 @ core#
         32    131072      4080       255        16   23 :       1656       307     79110 @ core#
         32    131072      4208       263        16   24 :       1656       316     79103 @ core#
         32    131072      4176       261        16   25 :       1657       314     79101 @ core#
         32    131072      4144       259        16   26 :       1653       312     79261 @ core#
         32    131072      4160       260        16   27 :       1654       313     79238 @ core#
         32    131072      4064       254        16   28 :       1654       306     79241 @ core#
         32    131072      4176       261        16   29 :       1655       314     79157 @ core#
         32    131072      4128       258        16   30 :       1656       311     79120 @ core#
         32    131072      4208       263        16   31 :       1656       317     79140 @ core#
         32    131072    131072      8192        16   -1 :       1657      9872     79140 TOTAL
             Variable Dim             MinValue             MaxValue            AbsMaxErr         AvgAbsErr/GP          MaxRelErr-%
                PLUDE 2D1  0.0000000000000e+00  1.0267201089823e-04  0.0000000000000e+00  0.0000000000000e+00  0.0000000000000e+00      
             PCOVPTOT 2D1  0.0000000000000e+00  1.0000000000000e+00  0.0000000000000e+00  0.0000000000000e+00  0.0000000000000e+00      
     PRAINFRAC_TOPRFZ 2D1  0.0000000000000e+00  0.0000000000000e+00  0.0000000000000e+00  0.0000000000000e+00  0.0000000000000e+00      
               PFSQLF 2D1 -2.5817563600963e-06  4.0808628024869e-06  1.3234889800848e-21  2.3376153645701e-22  0.0000000000000e+00      
               PFSQIF 2D1 -2.8108738214051e-06  3.8878365981669e-06  6.6174449004242e-22  1.6765568679708e-22  0.0000000000000e+00      
              PFCQLNG 2D1 -3.5555642908082e-08  1.4133894678714e-09  0.0000000000000e+00  0.0000000000000e+00  0.0000000000000e+00      
              PFCQNNG 2D1 -5.2850140216625e-07  8.7885623295760e-09  0.0000000000000e+00  0.0000000000000e+00  0.0000000000000e+00      
               PFSQRF 2D1 -2.5817563600963e-06  4.0808628024869e-06  1.3234889800848e-21  2.1125741742384e-22  0.0000000000000e+00      
               PFSQSF 2D1 -2.7688769863077e-06  3.8603498954962e-06  6.7497937984327e-22  1.6687797091873e-22  0.0000000000000e+00      
              PFCQRNG 2D1 -3.5555642908082e-08  1.4133894678714e-09  0.0000000000000e+00  0.0000000000000e+00  0.0000000000000e+00      
              PFCQSNG 2D1 -5.2850140216625e-07  8.7885623295760e-09  0.0000000000000e+00  0.0000000000000e+00  0.0000000000000e+00      
             PFSQLTUR 2D1 -8.1159493430619e-07  2.6534563852270e-07  0.0000000000000e+00  0.0000000000000e+00  0.0000000000000e+00      
             PFSQITUR 2D1 -2.6516903010901e-06  3.8645677692316e-07  0.0000000000000e+00  0.0000000000000e+00  0.0000000000000e+00      
               PFPLSL 2D1  0.0000000000000e+00  0.0000000000000e+00  0.0000000000000e+00  0.0000000000000e+00  0.0000000000000e+00      
               PFPLSN 2D1  0.0000000000000e+00  2.9699580041076e-05  6.7762635780344e-21  1.6690081380619e-21  0.0000000000000e+00      
               PFHPSL 2D1 -0.0000000000000e+00 -0.0000000000000e+00  0.0000000000000e+00  0.0000000000000e+00  0.0000000000000e+00      
               PFHPSN 2D3 -8.4183459626431e+01 -0.0000000000000e+00  2.1316282072803e-14  4.7438825599971e-15  1.0023441730029e-15      
       TENDENCY_LOC%A 2D2 -2.7777777777778e-04  2.6313098096235e-04  3.0831999280057e-19  6.9377542348157e-21  9.0934532306576e-14      
       TENDENCY_LOC%Q 2D1 -1.9973824048511e-08  1.4955800737964e-08  1.2076836943274e-22  3.6212395585767e-24  0.0000000000000e+00      
       TENDENCY_LOC%T 2D2 -4.1322003941667e-05  5.4352784463612e-05  2.9646153153901e-19  2.3300574258145e-20  3.0540528691636e-13  !!!!
     TENDENCY_LOC%CLD 2D1 -1.2224810361478e-08  9.8165463509733e-09  2.6883369907973e-23  1.1437317768606e-24  0.0000000000000e+00      
