cpu-bind=MASK - ault07, task  0  0 [1866623]: mask 0xffff000000000000ffff set
     NUMOMP=32, NGPTOT=16384, NPROMA=16, NGPBLKS=1024
 Reference MFLOP count for 100 columns :  12.48232900
     NUMOMP    NGPTOT  #GP-cols     #BLKS    NPROMA tid# : Time(msec)  MFlops/s     col/s
         32     16384       528        33        16    0 :        131       501    124752 @ core#
         32     16384       528        33        16    1 :        132       497    123756 @ core#
         32     16384       512        32        16    2 :        131       485    124418 @ core#
         32     16384       512        32        16    3 :        129       491    126032 @ core#
         32     16384       528        33        16    4 :        132       497    123753 @ core#
         32     16384       512        32        16    5 :        130       487    125071 @ core#
         32     16384       512        32        16    6 :        131       484    124143 @ core#
         32     16384       512        32        16    7 :        131       484    124138 @ core#
         32     16384       512        32        16    8 :        131       487    124974 @ core#
         32     16384       512        32        16    9 :        131       486    124654 @ core#
         32     16384       496        31        16   10 :        131       471    124658 @ core#
         32     16384       544        34        16   11 :        132       514    124028 @ core#
         32     16384       496        31        16   12 :        129       477    126368 @ core#
         32     16384       512        32        16   13 :        130       488    125161 @ core#
         32     16384       496        31        16   14 :        131       470    124543 @ core#
         32     16384       496        31        16   15 :        131       471    124674 @ core#
         32     16384       496        31        16   16 :        131       471    124788 @ core#
         32     16384       512        32        16   17 :        132       484    124079 @ core#
         32     16384       496        31        16   18 :        129       477    126242 @ core#
         32     16384       496        31        16   19 :        129       476    126196 @ core#
         32     16384       528        33        16   20 :        131       502    124801 @ core#
         32     16384       512        32        16   21 :        131       487    125048 @ core#
         32     16384       496        31        16   22 :        131       471    124642 @ core#
         32     16384       512        32        16   23 :        131       484    124148 @ core#
         32     16384       512        32        16   24 :        132       480    123245 @ core#
         32     16384       528        33        16   25 :        132       497    123597 @ core#
         32     16384       528        33        16   26 :        132       497    123563 @ core#
         32     16384       528        33        16   27 :        132       497    123603 @ core#
         32     16384       496        31        16   28 :        130       475    125889 @ core#
         32     16384       512        32        16   29 :        129       491    126037 @ core#
         32     16384       512        32        16   30 :        132       480    123209 @ core#
         32     16384       512        32        16   31 :        131       487    124977 @ core#
         32     16384     16384      1024        16   -1 :        133     15351    124977 TOTAL
             Variable Dim             MinValue             MaxValue            AbsMaxErr         AvgAbsErr/GP          MaxRelErr-%
                PLUDE 2D1  0.0000000000000e+00  1.0267201089823e-04  0.0000000000000e+00  0.0000000000000e+00  0.0000000000000e+00      
             PCOVPTOT 2D1  0.0000000000000e+00  1.0000000000000e+00  0.0000000000000e+00  0.0000000000000e+00  0.0000000000000e+00      
     PRAINFRAC_TOPRFZ 2D1  0.0000000000000e+00  0.0000000000000e+00  0.0000000000000e+00  0.0000000000000e+00  0.0000000000000e+00      
               PFSQLF 2D1 -2.5817563600963e-06  4.0808628024869e-06  1.3234889800848e-21  2.3393984426514e-22  0.0000000000000e+00      
               PFSQIF 2D1 -2.8108738214051e-06  3.8878365981669e-06  6.6174449004242e-22  1.6778357061615e-22  0.0000000000000e+00      
              PFCQLNG 2D1 -3.5555642908082e-08  1.4133894678714e-09  0.0000000000000e+00  0.0000000000000e+00  0.0000000000000e+00      
              PFCQNNG 2D1 -5.2850140216625e-07  8.7885623295760e-09  0.0000000000000e+00  0.0000000000000e+00  0.0000000000000e+00      
               PFSQRF 2D1 -2.5817563600963e-06  4.0808628024869e-06  1.3234889800848e-21  2.1141855961867e-22  0.0000000000000e+00      
               PFSQSF 2D1 -2.7688769863077e-06  3.8603498954962e-06  6.7497937984327e-22  1.6700526151440e-22  0.0000000000000e+00      
              PFCQRNG 2D1 -3.5555642908082e-08  1.4133894678714e-09  0.0000000000000e+00  0.0000000000000e+00  0.0000000000000e+00      
              PFCQSNG 2D1 -5.2850140216625e-07  8.7885623295760e-09  0.0000000000000e+00  0.0000000000000e+00  0.0000000000000e+00      
             PFSQLTUR 2D1 -8.1159493430619e-07  2.6534563852270e-07  0.0000000000000e+00  0.0000000000000e+00  0.0000000000000e+00      
             PFSQITUR 2D1 -2.6516903010901e-06  3.8645677692316e-07  0.0000000000000e+00  0.0000000000000e+00  0.0000000000000e+00      
               PFPLSL 2D1  0.0000000000000e+00  0.0000000000000e+00  0.0000000000000e+00  0.0000000000000e+00  0.0000000000000e+00      
               PFPLSN 2D1  0.0000000000000e+00  2.9699580041076e-05  6.7762635780344e-21  1.6702586025036e-21  0.0000000000000e+00      
               PFHPSL 2D1 -0.0000000000000e+00 -0.0000000000000e+00  0.0000000000000e+00  0.0000000000000e+00  0.0000000000000e+00      
               PFHPSN 2D3 -8.4183459626431e+01 -0.0000000000000e+00  2.1316282072803e-14  4.7474773678252e-15  1.0030451290915e-15      
       TENDENCY_LOC%A 2D1 -2.7777777777778e-04  2.6313098096235e-04  3.0831999280057e-19  6.9430398300726e-21  0.0000000000000e+00      
       TENDENCY_LOC%Q 2D1 -1.9973824048511e-08  1.4955800737964e-08  1.2076836943274e-22  3.6240017550364e-24  0.0000000000000e+00      
       TENDENCY_LOC%T 2D2 -4.1322003941667e-05  5.4352784463612e-05  2.9646153153901e-19  2.3317476682201e-20  3.8203353796118e-14      
     TENDENCY_LOC%CLD 2D1 -1.2224810361478e-08  9.8165463509733e-09  2.6883369907973e-23  1.1445983220761e-24  0.0000000000000e+00      
