cpu-bind=MASK - ault07, task  0  0 [1877079]: mask 0xffff000000000000ffff set
     NUMOMP=32, NGPTOT=131072, NPROMA=16, NGPBLKS=8192
 Reference MFLOP count for 100 columns :  12.48232900
     NUMOMP    NGPTOT  #GP-cols     #BLKS    NPROMA tid# : Time(msec)  MFlops/s     col/s
         32    131072      4080       255        16    0 :       1703       298     76947 @ core#
         32    131072      4032       252        16    1 :       1702       295     77003 @ core#
         32    131072      4048       253        16    2 :       1702       296     76979 @ core#
         32    131072      4048       253        16    3 :       1702       296     76986 @ core#
         32    131072      4080       255        16    4 :       1702       299     76979 @ core#
         32    131072      4080       255        16    5 :       1702       299     76994 @ core#
         32    131072      3968       248        16    6 :       1702       290     76987 @ core#
         32    131072      4048       253        16    7 :       1702       296     76991 @ core#
         32    131072      3984       249        16    8 :       1704       291     76912 @ core#
         32    131072      4032       252        16    9 :       1703       295     76961 @ core#
         32    131072      4112       257        16   10 :       1704       301     76910 @ core#
         32    131072      4128       258        16   11 :       1702       302     76980 @ core#
         32    131072      4080       255        16   12 :       1704       298     76916 @ core#
         32    131072      4096       256        16   13 :       1703       300     76964 @ core#
         32    131072      4016       251        16   14 :       1703       294     76953 @ core#
         32    131072      4032       252        16   15 :       1704       295     76909 @ core#
         32    131072      4112       257        16   16 :       1702       301     77010 @ core#
         32    131072      4112       257        16   17 :       1701       301     77018 @ core#
         32    131072      4160       260        16   18 :       1703       304     76963 @ core#
         32    131072      4080       255        16   19 :       1701       299     77032 @ core#
         32    131072      4096       256        16   20 :       1703       300     76920 @ core#
         32    131072      4128       258        16   21 :       1701       302     77028 @ core#
         32    131072      4096       256        16   22 :       1701       300     77020 @ core#
         32    131072      4080       255        16   23 :       1703       299     76963 @ core#
         32    131072      4160       260        16   24 :       1702       305     76987 @ core#
         32    131072      4080       255        16   25 :       1704       298     76917 @ core#
         32    131072      4080       255        16   26 :       1702       299     76991 @ core#
         32    131072      4144       259        16   27 :       1704       303     76902 @ core#
         32    131072      4160       260        16   28 :       1701       305     77035 @ core#
         32    131072      4256       266        16   29 :       1702       312     76998 @ core#
         32    131072      4256       266        16   30 :       1703       311     76949 @ core#
         32    131072      4208       263        16   31 :       1703       308     76945 @ core#
         32    131072    131072      8192        16   -1 :       1704      9597     76945 TOTAL
             Variable Dim             MinValue             MaxValue            AbsMaxErr         AvgAbsErr/GP          MaxRelErr-%
                PLUDE 2D1  0.0000000000000e+00  1.0267201089823e-04  0.0000000000000e+00  0.0000000000000e+00  0.0000000000000e+00      
             PCOVPTOT 2D1  0.0000000000000e+00  1.0000000000000e+00  0.0000000000000e+00  0.0000000000000e+00  0.0000000000000e+00      
     PRAINFRAC_TOPRFZ 2D1  0.0000000000000e+00  0.0000000000000e+00  0.0000000000000e+00  0.0000000000000e+00  0.0000000000000e+00      
               PFSQLF 2D1 -2.5817563600963e-06  4.0808628024869e-06  1.3234889800848e-21  2.3376153645701e-22  0.0000000000000e+00      
               PFSQIF 2D1 -2.8108738214051e-06  3.8878365981669e-06  6.6174449004242e-22  1.6765568679708e-22  0.0000000000000e+00      
              PFCQLNG 2D1 -3.5555642908082e-08  1.4133894678714e-09  0.0000000000000e+00  0.0000000000000e+00  0.0000000000000e+00      
              PFCQNNG 2D1 -5.2850140216625e-07  8.7885623295760e-09  0.0000000000000e+00  0.0000000000000e+00  0.0000000000000e+00      
               PFSQRF 2D1 -2.5817563600963e-06  4.0808628024869e-06  1.3234889800848e-21  2.1125741742384e-22  0.0000000000000e+00      
               PFSQSF 2D1 -2.7688769863077e-06  3.8603498954962e-06  6.7497937984327e-22  1.6687797091873e-22  0.0000000000000e+00      
              PFCQRNG 2D1 -3.5555642908082e-08  1.4133894678714e-09  0.0000000000000e+00  0.0000000000000e+00  0.0000000000000e+00      
              PFCQSNG 2D1 -5.2850140216625e-07  8.7885623295760e-09  0.0000000000000e+00  0.0000000000000e+00  0.0000000000000e+00      
             PFSQLTUR 2D1 -8.1159493430619e-07  2.6534563852270e-07  0.0000000000000e+00  0.0000000000000e+00  0.0000000000000e+00      
             PFSQITUR 2D1 -2.6516903010901e-06  3.8645677692316e-07  0.0000000000000e+00  0.0000000000000e+00  0.0000000000000e+00      
               PFPLSL 2D1  0.0000000000000e+00  0.0000000000000e+00  0.0000000000000e+00  0.0000000000000e+00  0.0000000000000e+00      
               PFPLSN 2D1  0.0000000000000e+00  2.9699580041076e-05  6.7762635780344e-21  1.6690081380619e-21  0.0000000000000e+00      
               PFHPSL 2D1 -0.0000000000000e+00 -0.0000000000000e+00  0.0000000000000e+00  0.0000000000000e+00  0.0000000000000e+00      
               PFHPSN 2D3 -8.4183459626431e+01 -0.0000000000000e+00  2.1316282072803e-14  4.7438825599971e-15  1.0023441730029e-15      
       TENDENCY_LOC%A 2D2 -2.7777777777778e-04  2.6313098096235e-04  3.0831999280057e-19  6.9377542348157e-21  9.0934532306576e-14      
       TENDENCY_LOC%Q 2D1 -1.9973824048511e-08  1.4955800737964e-08  1.2076836943274e-22  3.6212395585767e-24  0.0000000000000e+00      
       TENDENCY_LOC%T 2D2 -4.1322003941667e-05  5.4352784463612e-05  2.9646153153901e-19  2.3300574258145e-20  3.0540528691636e-13  !!!!
     TENDENCY_LOC%CLD 2D1 -1.2224810361478e-08  9.8165463509733e-09  2.6883369907973e-23  1.1437317768606e-24  0.0000000000000e+00      
