cpu-bind=MASK - ault07, task  0  0 [1867082]: mask 0xffff000000000000ffff set
     NUMOMP=32, NGPTOT=16384, NPROMA=16, NGPBLKS=1024
 Reference MFLOP count for 100 columns :  12.48232900
     NUMOMP    NGPTOT  #GP-cols     #BLKS    NPROMA tid# : Time(msec)  MFlops/s     col/s
         32     16384       544        34        16    0 :        136       496    119691 @ core#
         32     16384       528        33        16    1 :        139       473    117745 @ core#
         32     16384       544        34        16    2 :        138       490    118390 @ core#
         32     16384       528        33        16    3 :        138       475    118313 @ core#
         32     16384       528        33        16    4 :        138       475    118238 @ core#
         32     16384       528        33        16    5 :        136       482    119923 @ core#
         32     16384       560        35        16    6 :        139       501    117502 @ core#
         32     16384       528        33        16    7 :        136       481    119702 @ core#
         32     16384       512        32        16    8 :        136       467    119795 @ core#
         32     16384       496        31        16    9 :        136       453    119950 @ core#
         32     16384       512        32        16   10 :        136       468    120084 @ core#
         32     16384       512        32        16   11 :        136       469    120403 @ core#
         32     16384       528        33        16   12 :        136       482    119968 @ core#
         32     16384       512        32        16   13 :        136       467    119844 @ core#
         32     16384       496        31        16   14 :        135       455    120553 @ core#
         32     16384       512        32        16   15 :        136       469    120389 @ core#
         32     16384       496        31        16   16 :        136       453    119988 @ core#
         32     16384       512        32        16   17 :        137       466    119512 @ core#
         32     16384       480        30        16   18 :        137       435    119110 @ core#
         32     16384       496        31        16   19 :        138       447    118534 @ core#
         32     16384       496        31        16   20 :        137       450    119174 @ core#
         32     16384       496        31        16   21 :        136       454    120405 @ core#
         32     16384       496        31        16   22 :        137       450    119217 @ core#
         32     16384       496        31        16   23 :        137       449    119031 @ core#
         32     16384       512        32        16   24 :        137       465    119456 @ core#
         32     16384       528        33        16   25 :        137       479    119159 @ core#
         32     16384       496        31        16   26 :        137       449    118819 @ core#
         32     16384       512        32        16   27 :        136       467    119883 @ core#
         32     16384       512        32        16   28 :        136       466    119599 @ core#
         32     16384       496        31        16   29 :        137       448    118738 @ core#
         32     16384       496        31        16   30 :        138       447    118513 @ core#
         32     16384       496        31        16   31 :        137       448    118766 @ core#
         32     16384     16384      1024        16   -1 :        139     14649    118766 TOTAL
             Variable Dim             MinValue             MaxValue            AbsMaxErr         AvgAbsErr/GP          MaxRelErr-%
                PLUDE 2D1  0.0000000000000e+00  1.0267201089823e-04  0.0000000000000e+00  0.0000000000000e+00  0.0000000000000e+00      
             PCOVPTOT 2D1  0.0000000000000e+00  1.0000000000000e+00  0.0000000000000e+00  0.0000000000000e+00  0.0000000000000e+00      
     PRAINFRAC_TOPRFZ 2D1  0.0000000000000e+00  0.0000000000000e+00  0.0000000000000e+00  0.0000000000000e+00  0.0000000000000e+00      
               PFSQLF 2D1 -2.5817563600963e-06  4.0808628024869e-06  1.3234889800848e-21  2.3393984426514e-22  0.0000000000000e+00      
               PFSQIF 2D1 -2.8108738214051e-06  3.8878365981669e-06  6.6174449004242e-22  1.6778357061615e-22  0.0000000000000e+00      
              PFCQLNG 2D1 -3.5555642908082e-08  1.4133894678714e-09  0.0000000000000e+00  0.0000000000000e+00  0.0000000000000e+00      
              PFCQNNG 2D1 -5.2850140216625e-07  8.7885623295760e-09  0.0000000000000e+00  0.0000000000000e+00  0.0000000000000e+00      
               PFSQRF 2D1 -2.5817563600963e-06  4.0808628024869e-06  1.3234889800848e-21  2.1141855961867e-22  0.0000000000000e+00      
               PFSQSF 2D1 -2.7688769863077e-06  3.8603498954962e-06  6.7497937984327e-22  1.6700526151440e-22  0.0000000000000e+00      
              PFCQRNG 2D1 -3.5555642908082e-08  1.4133894678714e-09  0.0000000000000e+00  0.0000000000000e+00  0.0000000000000e+00      
              PFCQSNG 2D1 -5.2850140216625e-07  8.7885623295760e-09  0.0000000000000e+00  0.0000000000000e+00  0.0000000000000e+00      
             PFSQLTUR 2D1 -8.1159493430619e-07  2.6534563852270e-07  0.0000000000000e+00  0.0000000000000e+00  0.0000000000000e+00      
             PFSQITUR 2D1 -2.6516903010901e-06  3.8645677692316e-07  0.0000000000000e+00  0.0000000000000e+00  0.0000000000000e+00      
               PFPLSL 2D1  0.0000000000000e+00  0.0000000000000e+00  0.0000000000000e+00  0.0000000000000e+00  0.0000000000000e+00      
               PFPLSN 2D1  0.0000000000000e+00  2.9699580041076e-05  6.7762635780344e-21  1.6702586025036e-21  0.0000000000000e+00      
               PFHPSL 2D1 -0.0000000000000e+00 -0.0000000000000e+00  0.0000000000000e+00  0.0000000000000e+00  0.0000000000000e+00      
               PFHPSN 2D3 -8.4183459626431e+01 -0.0000000000000e+00  2.1316282072803e-14  4.7474773678252e-15  1.0030451290915e-15      
       TENDENCY_LOC%A 2D1 -2.7777777777778e-04  2.6313098096235e-04  3.0831999280057e-19  6.9430398300726e-21  0.0000000000000e+00      
       TENDENCY_LOC%Q 2D1 -1.9973824048511e-08  1.4955800737964e-08  1.2076836943274e-22  3.6240017550364e-24  0.0000000000000e+00      
       TENDENCY_LOC%T 2D2 -4.1322003941667e-05  5.4352784463612e-05  2.9646153153901e-19  2.3317476682201e-20  3.8203353796118e-14      
     TENDENCY_LOC%CLD 2D1 -1.2224810361478e-08  9.8165463509733e-09  2.6883369907973e-23  1.1445983220761e-24  0.0000000000000e+00      
