cpu-bind=MASK - ault07, task  0  0 [1863845]: mask 0xffff000000000000ffff set
     NUMOMP=32, NGPTOT=8192, NPROMA=16, NGPBLKS=512
 Reference MFLOP count for 100 columns :  12.48232900
     NUMOMP    NGPTOT  #GP-cols     #BLKS    NPROMA tid# : Time(msec)  MFlops/s     col/s
         32      8192       256        16        16    0 :         65       490    125782 @ core#
         32      8192       256        16        16    1 :         65       488    125170 @ core#
         32      8192       256        16        16    2 :         64       492    126131 @ core#
         32      8192       256        16        16    3 :         65       490    125760 @ core#
         32      8192       256        16        16    4 :         64       493    126507 @ core#
         32      8192       256        16        16    5 :         65       488    125263 @ core#
         32      8192       272        17        16    6 :         66       507    122508 @ core#
         32      8192       272        17        16    7 :         65       516    124614 @ core#
         32      8192       256        16        16    8 :         65       487    124901 @ core#
         32      8192       256        16        16    9 :         65       484    124242 @ core#
         32      8192       256        16        16   10 :         65       487    124904 @ core#
         32      8192       256        16        16   11 :         66       481    123535 @ core#
         32      8192       240        15        16   12 :         64       465    127221 @ core#
         32      8192       256        16        16   13 :         66       478    122589 @ core#
         32      8192       256        16        16   14 :         64       496    127348 @ core#
         32      8192       256        16        16   15 :         66       480    123293 @ core#
         32      8192       256        16        16   16 :         65       490    125647 @ core#
         32      8192       272        17        16   17 :         67       505    121857 @ core#
         32      8192       256        16        16   18 :         65       484    124330 @ core#
         32      8192       256        16        16   19 :         65       488    125259 @ core#
         32      8192       256        16        16   20 :         64       493    126387 @ core#
         32      8192       256        16        16   21 :         63       499    128034 @ core#
         32      8192       240        15        16   22 :         64       466    127570 @ core#
         32      8192       256        16        16   23 :         65       484    124255 @ core#
         32      8192       256        16        16   24 :         65       489    125457 @ core#
         32      8192       272        17        16   25 :         66       513    123791 @ core#
         32      8192       256        16        16   26 :         66       478    122579 @ core#
         32      8192       240        15        16   27 :         64       463    126858 @ core#
         32      8192       256        16        16   28 :         65       485    124462 @ core#
         32      8192       256        16        16   29 :         65       489    125581 @ core#
         32      8192       240        15        16   30 :         64       463    126651 @ core#
         32      8192       256        16        16   31 :         65       486    124616 @ core#
         32      8192      8192       512        16   -1 :         67     15170    124616 TOTAL
             Variable Dim             MinValue             MaxValue            AbsMaxErr         AvgAbsErr/GP          MaxRelErr-%
                PLUDE 2D1  0.0000000000000e+00  1.0267201089823e-04  0.0000000000000e+00  0.0000000000000e+00  0.0000000000000e+00      
             PCOVPTOT 2D1  0.0000000000000e+00  1.0000000000000e+00  0.0000000000000e+00  0.0000000000000e+00  0.0000000000000e+00      
     PRAINFRAC_TOPRFZ 2D1  0.0000000000000e+00  0.0000000000000e+00  0.0000000000000e+00  0.0000000000000e+00  0.0000000000000e+00      
               PFSQLF 2D1 -2.5817563600963e-06  4.0808628024869e-06  1.3234889800848e-21  2.3393984426514e-22  0.0000000000000e+00      
               PFSQIF 2D1 -2.8108738214051e-06  3.8878365981669e-06  6.6174449004242e-22  1.6778357061615e-22  0.0000000000000e+00      
              PFCQLNG 2D1 -3.5555642908082e-08  1.4133894678714e-09  0.0000000000000e+00  0.0000000000000e+00  0.0000000000000e+00      
              PFCQNNG 2D1 -5.2850140216625e-07  8.7885623295760e-09  0.0000000000000e+00  0.0000000000000e+00  0.0000000000000e+00      
               PFSQRF 2D1 -2.5817563600963e-06  4.0808628024869e-06  1.3234889800848e-21  2.1141855961867e-22  0.0000000000000e+00      
               PFSQSF 2D1 -2.7688769863077e-06  3.8603498954962e-06  6.7497937984327e-22  1.6700526151440e-22  0.0000000000000e+00      
              PFCQRNG 2D1 -3.5555642908082e-08  1.4133894678714e-09  0.0000000000000e+00  0.0000000000000e+00  0.0000000000000e+00      
              PFCQSNG 2D1 -5.2850140216625e-07  8.7885623295760e-09  0.0000000000000e+00  0.0000000000000e+00  0.0000000000000e+00      
             PFSQLTUR 2D1 -8.1159493430619e-07  2.6534563852270e-07  0.0000000000000e+00  0.0000000000000e+00  0.0000000000000e+00      
             PFSQITUR 2D1 -2.6516903010901e-06  3.8645677692316e-07  0.0000000000000e+00  0.0000000000000e+00  0.0000000000000e+00      
               PFPLSL 2D1  0.0000000000000e+00  0.0000000000000e+00  0.0000000000000e+00  0.0000000000000e+00  0.0000000000000e+00      
               PFPLSN 2D1  0.0000000000000e+00  2.9699580041076e-05  6.7762635780344e-21  1.6702327531094e-21  0.0000000000000e+00      
               PFHPSL 2D1 -0.0000000000000e+00 -0.0000000000000e+00  0.0000000000000e+00  0.0000000000000e+00  0.0000000000000e+00      
               PFHPSN 2D3 -8.4183459626431e+01 -0.0000000000000e+00  2.1316282072803e-14  4.7474502627709e-15  1.0033560138268e-15      
       TENDENCY_LOC%A 2D1 -2.7777777777778e-04  2.6313098096235e-04  3.0831999280057e-19  6.9430325599305e-21  0.0000000000000e+00      
       TENDENCY_LOC%Q 2D1 -1.9973824048511e-08  1.4955800737964e-08  1.2076836943274e-22  3.6240017550364e-24  0.0000000000000e+00      
       TENDENCY_LOC%T 2D1 -4.1322003941667e-05  5.4352784463612e-05  2.9646153153901e-19  2.3316481480527e-20  0.0000000000000e+00      
     TENDENCY_LOC%CLD 2D1 -1.2224810361478e-08  9.8165463509733e-09  2.6883369907973e-23  1.1445924056193e-24  0.0000000000000e+00      
