cpu-bind=MASK - ault07, task  0  0 [1879854]: mask 0xffff000000000000ffff set
     NUMOMP=32, NGPTOT=262144, NPROMA=16, NGPBLKS=16384
 Reference MFLOP count for 100 columns :  12.48232900
     NUMOMP    NGPTOT  #GP-cols     #BLKS    NPROMA tid# : Time(msec)  MFlops/s     col/s
         32    262144      8144       509        16    0 :       3374       301     77692 @ core#
         32    262144      8128       508        16    1 :       3376       300     77648 @ core#
         32    262144      8048       503        16    2 :       3375       297     77653 @ core#
         32    262144      8112       507        16    3 :       3374       300     77683 @ core#
         32    262144      8096       506        16    4 :       3375       299     77663 @ core#
         32    262144      8144       509        16    5 :       3374       301     77686 @ core#
         32    262144      8256       516        16    6 :       3375       305     77658 @ core#
         32    262144      8096       506        16    7 :       3375       299     77655 @ core#
         32    262144      8320       520        16    8 :       3375       307     77670 @ core#
         32    262144      8336       521        16    9 :       3375       308     77652 @ core#
         32    262144      8256       516        16   10 :       3374       305     77681 @ core#
         32    262144      8224       514        16   11 :       3374       304     77672 @ core#
         32    262144      8336       521        16   12 :       3374       308     77683 @ core#
         32    262144      8336       521        16   13 :       3375       308     77657 @ core#
         32    262144      8144       509        16   14 :       3375       301     77659 @ core#
         32    262144      8224       514        16   15 :       3375       304     77655 @ core#
         32    262144      8096       506        16   16 :       3375       299     77656 @ core#
         32    262144      8032       502        16   17 :       3373       297     77715 @ core#
         32    262144      8064       504        16   18 :       3376       298     77645 @ core#
         32    262144      8144       509        16   19 :       3375       301     77651 @ core#
         32    262144      8160       510        16   20 :       3373       301     77717 @ core#
         32    262144      8240       515        16   21 :       3373       304     77715 @ core#
         32    262144      8144       509        16   22 :       3373       301     77716 @ core#
         32    262144      8176       511        16   23 :       3376       302     77647 @ core#
         32    262144      8224       514        16   24 :       3373       304     77700 @ core#
         32    262144      8192       512        16   25 :       3373       303     77701 @ core#
         32    262144      8304       519        16   26 :       3376       307     77645 @ core#
         32    262144      8288       518        16   27 :       3373       306     77712 @ core#
         32    262144      8128       508        16   28 :       3376       300     77647 @ core#
         32    262144      8224       514        16   29 :       3373       304     77701 @ core#
         32    262144      8272       517        16   30 :       3375       305     77650 @ core#
         32    262144      8256       516        16   31 :       3375       305     77654 @ core#
         32    262144    262144     16384        16   -1 :       3376      9691     77654 TOTAL
             Variable Dim             MinValue             MaxValue            AbsMaxErr         AvgAbsErr/GP          MaxRelErr-%
                PLUDE 2D1  0.0000000000000e+00  1.0267201089823e-04  0.0000000000000e+00  0.0000000000000e+00  0.0000000000000e+00      
             PCOVPTOT 2D1  0.0000000000000e+00  1.0000000000000e+00  0.0000000000000e+00  0.0000000000000e+00  0.0000000000000e+00      
     PRAINFRAC_TOPRFZ 2D1  0.0000000000000e+00  0.0000000000000e+00  0.0000000000000e+00  0.0000000000000e+00  0.0000000000000e+00      
               PFSQLF 2D1 -2.5817563600963e-06  4.0808628024869e-06  1.3234889800848e-21  2.3369852855879e-22  0.0000000000000e+00      
               PFSQIF 2D1 -2.8108738214051e-06  3.8878365981669e-06  6.6174449004242e-22  1.6761681173168e-22  0.0000000000000e+00      
              PFCQLNG 2D1 -3.5555642908082e-08  1.4133894678714e-09  0.0000000000000e+00  0.0000000000000e+00  0.0000000000000e+00      
              PFCQNNG 2D1 -5.2850140216625e-07  8.7885623295760e-09  0.0000000000000e+00  0.0000000000000e+00  0.0000000000000e+00      
               PFSQRF 2D1 -2.5817563600963e-06  4.0808628024869e-06  1.3234889800848e-21  2.1120046797737e-22  0.0000000000000e+00      
               PFSQSF 2D1 -2.7688769863077e-06  3.8603498954962e-06  6.7497937984327e-22  1.6684012452794e-22  0.0000000000000e+00      
              PFCQRNG 2D1 -3.5555642908082e-08  1.4133894678714e-09  0.0000000000000e+00  0.0000000000000e+00  0.0000000000000e+00      
              PFCQSNG 2D1 -5.2850140216625e-07  8.7885623295760e-09  0.0000000000000e+00  0.0000000000000e+00  0.0000000000000e+00      
             PFSQLTUR 2D1 -8.1159493430619e-07  2.6534563852270e-07  0.0000000000000e+00  0.0000000000000e+00  0.0000000000000e+00      
             PFSQITUR 2D1 -2.6516903010901e-06  3.8645677692316e-07  0.0000000000000e+00  0.0000000000000e+00  0.0000000000000e+00      
               PFPLSL 2D1  0.0000000000000e+00  0.0000000000000e+00  0.0000000000000e+00  0.0000000000000e+00  0.0000000000000e+00      
               PFPLSN 2D2  0.0000000000000e+00  2.9699580041076e-05  6.7762635780344e-21  1.6687318726620e-21  4.3744804802712e-14      
               PFHPSL 2D1 -0.0000000000000e+00 -0.0000000000000e+00  0.0000000000000e+00  0.0000000000000e+00  0.0000000000000e+00      
               PFHPSN 2D3 -8.4183459626431e+01 -0.0000000000000e+00  2.1316282072803e-14  4.7430863490266e-15  1.0021268462652e-15      
       TENDENCY_LOC%A 2D2 -2.7777777777778e-04  2.6313098096235e-04  3.0831999280057e-19  6.9374024912043e-21  1.8185984386543e-13      
       TENDENCY_LOC%Q 2D1 -1.9973824048511e-08  1.4955800737964e-08  1.2076836943274e-22  3.6210096056229e-24  0.0000000000000e+00      
       TENDENCY_LOC%T 2D2 -4.1322003941667e-05  5.4352784463612e-05  2.9646153153901e-19  2.3296695258680e-20  6.1070888818914e-13  !!!!
     TENDENCY_LOC%CLD 2D1 -1.2224810361478e-08  9.8165463509733e-09  2.6883369907973e-23  1.1435025264860e-24  0.0000000000000e+00      
