cpu-bind=MASK - ault07, task  0  0 [1870196]: mask 0xffff000000000000ffff set
     NUMOMP=32, NGPTOT=32768, NPROMA=16, NGPBLKS=2048
 Reference MFLOP count for 100 columns :  12.48232900
     NUMOMP    NGPTOT  #GP-cols     #BLKS    NPROMA tid# : Time(msec)  MFlops/s     col/s
         32     32768      1040        65        16    0 :        256       506    127876 @ core#
         32     32768      1008        63        16    1 :        256       490    127727 @ core#
         32     32768      1008        63        16    2 :        256       490    127779 @ core#
         32     32768      1008        63        16    3 :        256       490    127679 @ core#
         32     32768      1008        63        16    4 :        256       490    127780 @ core#
         32     32768      1024        64        16    5 :        255       499    128041 @ core#
         32     32768      1024        64        16    6 :        255       499    128009 @ core#
         32     32768      1024        64        16    7 :        256       498    127841 @ core#
         32     32768      1024        64        16    8 :        256       499    127976 @ core#
         32     32768      1040        65        16    9 :        255       507    128055 @ core#
         32     32768      1024        64        16   10 :        256       498    127786 @ core#
         32     32768      1040        65        16   11 :        256       505    127664 @ core#
         32     32768      1040        65        16   12 :        255       507    128045 @ core#
         32     32768      1040        65        16   13 :        256       506    127949 @ core#
         32     32768      1056        66        16   14 :        256       513    127530 @ core#
         32     32768      1056        66        16   15 :        256       513    127748 @ core#
         32     32768      1024        64        16   16 :        257       496    127296 @ core#
         32     32768      1008        63        16   17 :        255       493    128498 @ core#
         32     32768      1024        64        16   18 :        254       502    128847 @ core#
         32     32768      1008        63        16   19 :        254       494    128792 @ core#
         32     32768      1040        65        16   20 :        256       505    127581 @ core#
         32     32768      1008        63        16   21 :        254       494    128684 @ core#
         32     32768      1024        64        16   22 :        257       496    127216 @ core#
         32     32768      1024        64        16   23 :        257       497    127413 @ core#
         32     32768      1040        65        16   24 :        256       505    127545 @ core#
         32     32768      1024        64        16   25 :        254       501    128655 @ core#
         32     32768      1008        63        16   26 :        257       488    127293 @ core#
         32     32768      1024        64        16   27 :        257       496    127390 @ core#
         32     32768      1008        63        16   28 :        254       494    128716 @ core#
         32     32768      1008        63        16   29 :        255       492    128220 @ core#
         32     32768      1040        65        16   30 :        257       504    127279 @ core#
         32     32768       992        62        16   31 :        254       485    128590 @ core#
         32     32768     32768      2048        16   -1 :        257     15855    128590 TOTAL
             Variable Dim             MinValue             MaxValue            AbsMaxErr         AvgAbsErr/GP          MaxRelErr-%
                PLUDE 2D1  0.0000000000000e+00  1.0267201089823e-04  0.0000000000000e+00  0.0000000000000e+00  0.0000000000000e+00      
             PCOVPTOT 2D1  0.0000000000000e+00  1.0000000000000e+00  0.0000000000000e+00  0.0000000000000e+00  0.0000000000000e+00      
     PRAINFRAC_TOPRFZ 2D1  0.0000000000000e+00  0.0000000000000e+00  0.0000000000000e+00  0.0000000000000e+00  0.0000000000000e+00      
               PFSQLF 2D1 -2.5817563600963e-06  4.0808628024869e-06  1.3234889800848e-21  2.3393984426514e-22  0.0000000000000e+00      
               PFSQIF 2D1 -2.8108738214051e-06  3.8878365981669e-06  6.6174449004242e-22  1.6778357061615e-22  0.0000000000000e+00      
              PFCQLNG 2D1 -3.5555642908082e-08  1.4133894678714e-09  0.0000000000000e+00  0.0000000000000e+00  0.0000000000000e+00      
              PFCQNNG 2D1 -5.2850140216625e-07  8.7885623295760e-09  0.0000000000000e+00  0.0000000000000e+00  0.0000000000000e+00      
               PFSQRF 2D1 -2.5817563600963e-06  4.0808628024869e-06  1.3234889800848e-21  2.1141855961867e-22  0.0000000000000e+00      
               PFSQSF 2D1 -2.7688769863077e-06  3.8603498954962e-06  6.7497937984327e-22  1.6700526151440e-22  0.0000000000000e+00      
              PFCQRNG 2D1 -3.5555642908082e-08  1.4133894678714e-09  0.0000000000000e+00  0.0000000000000e+00  0.0000000000000e+00      
              PFCQSNG 2D1 -5.2850140216625e-07  8.7885623295760e-09  0.0000000000000e+00  0.0000000000000e+00  0.0000000000000e+00      
             PFSQLTUR 2D1 -8.1159493430619e-07  2.6534563852270e-07  0.0000000000000e+00  0.0000000000000e+00  0.0000000000000e+00      
             PFSQITUR 2D1 -2.6516903010901e-06  3.8645677692316e-07  0.0000000000000e+00  0.0000000000000e+00  0.0000000000000e+00      
               PFPLSL 2D1  0.0000000000000e+00  0.0000000000000e+00  0.0000000000000e+00  0.0000000000000e+00  0.0000000000000e+00      
               PFPLSN 2D1  0.0000000000000e+00  2.9699580041076e-05  6.7762635780344e-21  1.6702715272006e-21  0.0000000000000e+00      
               PFHPSL 2D1 -0.0000000000000e+00 -0.0000000000000e+00  0.0000000000000e+00  0.0000000000000e+00  0.0000000000000e+00      
               PFHPSN 2D3 -8.4183459626431e+01 -0.0000000000000e+00  2.1316282072803e-14  4.7474909203524e-15  1.0033531522706e-15      
       TENDENCY_LOC%A 2D2 -2.7777777777778e-04  2.6313098096235e-04  3.0831999280057e-19  6.9430434651436e-21  2.2750964826583e-14      
       TENDENCY_LOC%Q 2D1 -1.9973824048511e-08  1.4955800737964e-08  1.2076836943274e-22  3.6240017550364e-24  0.0000000000000e+00      
       TENDENCY_LOC%T 2D2 -4.1322003941667e-05  5.4352784463612e-05  2.9646153153901e-19  2.3317974283038e-20  7.6408338130660e-14      
     TENDENCY_LOC%CLD 2D1 -1.2224810361478e-08  9.8165463509733e-09  2.6883369907973e-23  1.1446016747350e-24  0.0000000000000e+00      
