cpu-bind=MASK - ault07, task  0  0 [1873865]: mask 0xffff000000000000ffff set
     NUMOMP=32, NGPTOT=65536, NPROMA=16, NGPBLKS=4096
 Reference MFLOP count for 100 columns :  12.48232900
     NUMOMP    NGPTOT  #GP-cols     #BLKS    NPROMA tid# : Time(msec)  MFlops/s     col/s
         32     65536      2000       125        16    0 :        541       461    121081 @ core#
         32     65536      2064       129        16    1 :        541       476    121084 @ core#
         32     65536      2032       127        16    2 :        538       470    121655 @ core#
         32     65536      2016       126        16    3 :        540       465    121258 @ core#
         32     65536      2000       125        16    4 :        540       461    121139 @ core#
         32     65536      2048       128        16    5 :        541       472    121112 @ core#
         32     65536      2016       126        16    6 :        538       467    121681 @ core#
         32     65536      2064       129        16    7 :        538       478    121703 @ core#
         32     65536      2064       129        16    8 :        540       476    121165 @ core#
         32     65536      2080       130        16    9 :        541       479    121119 @ core#
         32     65536      2064       129        16   10 :        540       476    121165 @ core#
         32     65536      2048       128        16   11 :        540       473    121282 @ core#
         32     65536      2032       127        16   12 :        540       468    121149 @ core#
         32     65536      2064       129        16   13 :        540       476    121148 @ core#
         32     65536      1984       124        16   14 :        540       457    121157 @ core#
         32     65536      2048       128        16   15 :        540       472    121177 @ core#
         32     65536      2064       129        16   16 :        540       476    121156 @ core#
         32     65536      2080       130        16   17 :        540       480    121267 @ core#
         32     65536      2048       128        16   18 :        538       474    121631 @ core#
         32     65536      2112       132        16   19 :        540       487    121247 @ core#
         32     65536      2064       129        16   20 :        540       476    121241 @ core#
         32     65536      2016       126        16   21 :        540       465    121317 @ core#
         32     65536      2048       128        16   22 :        538       474    121658 @ core#
         32     65536      2112       132        16   23 :        540       487    121264 @ core#
         32     65536      2064       129        16   24 :        541       475    121076 @ core#
         32     65536      2080       130        16   25 :        540       479    121153 @ core#
         32     65536      2016       126        16   26 :        541       464    120997 @ core#
         32     65536      2064       129        16   27 :        540       476    121230 @ core#
         32     65536      2032       127        16   28 :        538       470    121636 @ core#
         32     65536      2032       127        16   29 :        540       469    121357 @ core#
         32     65536      2064       129        16   30 :        539       477    121505 @ core#
         32     65536      2016       126        16   31 :        541       465    121107 @ core#
         32     65536     65536      4096        16   -1 :        541     15094    121107 TOTAL
             Variable Dim             MinValue             MaxValue            AbsMaxErr         AvgAbsErr/GP          MaxRelErr-%
                PLUDE 2D1  0.0000000000000e+00  1.0267201089823e-04  0.0000000000000e+00  0.0000000000000e+00  0.0000000000000e+00      
             PCOVPTOT 2D1  0.0000000000000e+00  1.0000000000000e+00  0.0000000000000e+00  0.0000000000000e+00  0.0000000000000e+00      
     PRAINFRAC_TOPRFZ 2D1  0.0000000000000e+00  0.0000000000000e+00  0.0000000000000e+00  0.0000000000000e+00  0.0000000000000e+00      
               PFSQLF 2D1 -2.5817563600963e-06  4.0808628024869e-06  1.3234889800848e-21  2.3368781267225e-22  0.0000000000000e+00      
               PFSQIF 2D1 -2.8108738214051e-06  3.8878365981669e-06  6.6174449004242e-22  1.6762807035451e-22  0.0000000000000e+00      
              PFCQLNG 2D1 -3.5555642908082e-08  1.4133894678714e-09  0.0000000000000e+00  0.0000000000000e+00  0.0000000000000e+00      
              PFCQNNG 2D1 -5.2850140216625e-07  8.7885623295760e-09  0.0000000000000e+00  0.0000000000000e+00  0.0000000000000e+00      
               PFSQRF 2D1 -2.5817563600963e-06  4.0808628024869e-06  1.3234889800848e-21  2.1119076183280e-22  0.0000000000000e+00      
               PFSQSF 2D1 -2.7688769863077e-06  3.8603498954962e-06  6.7497937984327e-22  1.6685387595124e-22  0.0000000000000e+00      
              PFCQRNG 2D1 -3.5555642908082e-08  1.4133894678714e-09  0.0000000000000e+00  0.0000000000000e+00  0.0000000000000e+00      
              PFCQSNG 2D1 -5.2850140216625e-07  8.7885623295760e-09  0.0000000000000e+00  0.0000000000000e+00  0.0000000000000e+00      
             PFSQLTUR 2D1 -8.1159493430619e-07  2.6534563852270e-07  0.0000000000000e+00  0.0000000000000e+00  0.0000000000000e+00      
             PFSQITUR 2D1 -2.6516903010901e-06  3.8645677692316e-07  0.0000000000000e+00  0.0000000000000e+00  0.0000000000000e+00      
               PFPLSL 2D1  0.0000000000000e+00  0.0000000000000e+00  0.0000000000000e+00  0.0000000000000e+00  0.0000000000000e+00      
               PFPLSN 2D1  0.0000000000000e+00  2.9699580041076e-05  6.7762635780344e-21  1.6691664656010e-21  0.0000000000000e+00      
               PFHPSL 2D1 -0.0000000000000e+00 -0.0000000000000e+00  0.0000000000000e+00  0.0000000000000e+00  0.0000000000000e+00      
               PFHPSN 2D3 -8.4183459626431e+01 -0.0000000000000e+00  2.1316282072803e-14  4.7443060764707e-15  1.0024251587830e-15      
       TENDENCY_LOC%A 2D2 -2.7777777777778e-04  2.6313098096235e-04  3.0831999280057e-19  6.9416364906984e-21  4.5492708905441e-14      
       TENDENCY_LOC%Q 2D1 -1.9973824048511e-08  1.4955800737964e-08  1.2076836943274e-22  3.6230819432209e-24  0.0000000000000e+00      
       TENDENCY_LOC%T 2D2 -4.1322003941667e-05  5.4352784463612e-05  2.9646153153901e-19  2.3302458285179e-20  1.5271499061775e-13      
     TENDENCY_LOC%CLD 2D1 -1.2224810361478e-08  9.8165463509733e-09  2.6883369907973e-23  1.1436846732364e-24  0.0000000000000e+00      
