cpu-bind=MASK - ault07, task  0  0 [1880368]: mask 0xffff000000000000ffff set
     NUMOMP=32, NGPTOT=262144, NPROMA=16, NGPBLKS=16384
 Reference MFLOP count for 100 columns :  12.48232900
     NUMOMP    NGPTOT  #GP-cols     #BLKS    NPROMA tid# : Time(msec)  MFlops/s     col/s
         32    262144      8128       508        16    0 :       3426       296     76509 @ core#
         32    262144      8240       515        16    1 :       3426       300     76506 @ core#
         32    262144      8128       508        16    2 :       3426       296     76504 @ core#
         32    262144      8000       500        16    3 :       3426       291     76501 @ core#
         32    262144      8048       503        16    4 :       3425       293     76527 @ core#
         32    262144      8064       504        16    5 :       3425       293     76526 @ core#
         32    262144      8000       500        16    6 :       3425       291     76516 @ core#
         32    262144      8240       515        16    7 :       3426       300     76514 @ core#
         32    262144      7984       499        16    8 :       3426       290     76513 @ core#
         32    262144      8176       511        16    9 :       3426       297     76506 @ core#
         32    262144      8320       520        16   10 :       3426       303     76515 @ core#
         32    262144      8256       516        16   11 :       3426       300     76515 @ core#
         32    262144      8160       510        16   12 :       3426       297     76506 @ core#
         32    262144      8176       511        16   13 :       3426       297     76504 @ core#
         32    262144      8128       508        16   14 :       3426       296     76507 @ core#
         32    262144      8048       503        16   15 :       3423       293     76574 @ core#
         32    262144      8240       515        16   16 :       3424       300     76559 @ core#
         32    262144      8224       514        16   17 :       3423       299     76569 @ core#
         32    262144      8096       506        16   18 :       3423       295     76571 @ core#
         32    262144      8368       523        16   19 :       3425       304     76527 @ core#
         32    262144      8064       504        16   20 :       3423       294     76569 @ core#
         32    262144      8112       507        16   21 :       3423       295     76561 @ core#
         32    262144      8272       517        16   22 :       3423       301     76574 @ core#
         32    262144      8224       514        16   23 :       3425       299     76523 @ core#
         32    262144      8160       510        16   24 :       3425       297     76516 @ core#
         32    262144      8336       521        16   25 :       3424       303     76544 @ core#
         32    262144      8240       515        16   26 :       3425       300     76519 @ core#
         32    262144      8416       526        16   27 :       3426       306     76512 @ core#
         32    262144      8304       519        16   28 :       3426       302     76510 @ core#
         32    262144      8272       517        16   29 :       3425       301     76534 @ core#
         32    262144      8288       518        16   30 :       3424       302     76558 @ core#
         32    262144      8432       527        16   31 :       3425       307     76532 @ core#
         32    262144    262144     16384        16   -1 :       3427      9547     76532 TOTAL
             Variable Dim             MinValue             MaxValue            AbsMaxErr         AvgAbsErr/GP          MaxRelErr-%
                PLUDE 2D1  0.0000000000000e+00  1.0267201089823e-04  0.0000000000000e+00  0.0000000000000e+00  0.0000000000000e+00      
             PCOVPTOT 2D1  0.0000000000000e+00  1.0000000000000e+00  0.0000000000000e+00  0.0000000000000e+00  0.0000000000000e+00      
     PRAINFRAC_TOPRFZ 2D1  0.0000000000000e+00  0.0000000000000e+00  0.0000000000000e+00  0.0000000000000e+00  0.0000000000000e+00      
               PFSQLF 2D1 -2.5817563600963e-06  4.0808628024869e-06  1.3234889800848e-21  2.3369852855879e-22  0.0000000000000e+00      
               PFSQIF 2D1 -2.8108738214051e-06  3.8878365981669e-06  6.6174449004242e-22  1.6761681173168e-22  0.0000000000000e+00      
              PFCQLNG 2D1 -3.5555642908082e-08  1.4133894678714e-09  0.0000000000000e+00  0.0000000000000e+00  0.0000000000000e+00      
              PFCQNNG 2D1 -5.2850140216625e-07  8.7885623295760e-09  0.0000000000000e+00  0.0000000000000e+00  0.0000000000000e+00      
               PFSQRF 2D1 -2.5817563600963e-06  4.0808628024869e-06  1.3234889800848e-21  2.1120046797737e-22  0.0000000000000e+00      
               PFSQSF 2D1 -2.7688769863077e-06  3.8603498954962e-06  6.7497937984327e-22  1.6684012452794e-22  0.0000000000000e+00      
              PFCQRNG 2D1 -3.5555642908082e-08  1.4133894678714e-09  0.0000000000000e+00  0.0000000000000e+00  0.0000000000000e+00      
              PFCQSNG 2D1 -5.2850140216625e-07  8.7885623295760e-09  0.0000000000000e+00  0.0000000000000e+00  0.0000000000000e+00      
             PFSQLTUR 2D1 -8.1159493430619e-07  2.6534563852270e-07  0.0000000000000e+00  0.0000000000000e+00  0.0000000000000e+00      
             PFSQITUR 2D1 -2.6516903010901e-06  3.8645677692316e-07  0.0000000000000e+00  0.0000000000000e+00  0.0000000000000e+00      
               PFPLSL 2D1  0.0000000000000e+00  0.0000000000000e+00  0.0000000000000e+00  0.0000000000000e+00  0.0000000000000e+00      
               PFPLSN 2D2  0.0000000000000e+00  2.9699580041076e-05  6.7762635780344e-21  1.6687318726620e-21  4.3744804802712e-14      
               PFHPSL 2D1 -0.0000000000000e+00 -0.0000000000000e+00  0.0000000000000e+00  0.0000000000000e+00  0.0000000000000e+00      
               PFHPSN 2D3 -8.4183459626431e+01 -0.0000000000000e+00  2.1316282072803e-14  4.7430863490266e-15  1.0021268462652e-15      
       TENDENCY_LOC%A 2D2 -2.7777777777778e-04  2.6313098096235e-04  3.0831999280057e-19  6.9374024912043e-21  1.8185984386543e-13      
       TENDENCY_LOC%Q 2D1 -1.9973824048511e-08  1.4955800737964e-08  1.2076836943274e-22  3.6210096056229e-24  0.0000000000000e+00      
       TENDENCY_LOC%T 2D2 -4.1322003941667e-05  5.4352784463612e-05  2.9646153153901e-19  2.3296695258680e-20  6.1070888818914e-13  !!!!
     TENDENCY_LOC%CLD 2D1 -1.2224810361478e-08  9.8165463509733e-09  2.6883369907973e-23  1.1435025264860e-24  0.0000000000000e+00      
