cpu-bind=MASK - ault07, task  0  0 [1877232]: mask 0xffff000000000000ffff set
     NUMOMP=32, NGPTOT=131072, NPROMA=16, NGPBLKS=8192
 Reference MFLOP count for 100 columns :  12.48232900
     NUMOMP    NGPTOT  #GP-cols     #BLKS    NPROMA tid# : Time(msec)  MFlops/s     col/s
         32    131072      4016       251        16    0 :       1719       291     76207 @ core#
         32    131072      4160       260        16    1 :       1719       301     76220 @ core#
         32    131072      4064       254        16    2 :       1719       295     76228 @ core#
         32    131072      4096       256        16    3 :       1721       297     76153 @ core#
         32    131072      4032       252        16    4 :       1720       292     76165 @ core#
         32    131072      3984       249        16    5 :       1719       289     76216 @ core#
         32    131072      4112       257        16    6 :       1719       298     76212 @ core#
         32    131072      4128       258        16    7 :       1719       299     76213 @ core#
         32    131072      4128       258        16    8 :       1720       299     76175 @ core#
         32    131072      4096       256        16    9 :       1721       297     76146 @ core#
         32    131072      4032       252        16   10 :       1721       292     76138 @ core#
         32    131072      4032       252        16   11 :       1720       292     76186 @ core#
         32    131072      4144       259        16   12 :       1720       300     76180 @ core#
         32    131072      4032       252        16   13 :       1721       292     76132 @ core#
         32    131072      4080       255        16   14 :       1721       295     76139 @ core#
         32    131072      4112       257        16   15 :       1719       298     76239 @ core#
         32    131072      4064       254        16   16 :       1720       294     76172 @ core#
         32    131072      4096       256        16   17 :       1718       297     76264 @ core#
         32    131072      4096       256        16   18 :       1721       296     76137 @ core#
         32    131072      4048       253        16   19 :       1720       293     76203 @ core#
         32    131072      4128       258        16   20 :       1719       299     76237 @ core#
         32    131072      4096       256        16   21 :       1719       297     76229 @ core#
         32    131072      4032       252        16   22 :       1719       292     76240 @ core#
         32    131072      4128       258        16   23 :       1719       299     76233 @ core#
         32    131072      4080       255        16   24 :       1720       296     76193 @ core#
         32    131072      4096       256        16   25 :       1719       297     76213 @ core#
         32    131072      4176       261        16   26 :       1719       303     76218 @ core#
         32    131072      4144       259        16   27 :       1720       300     76180 @ core#
         32    131072      4208       263        16   28 :       1721       305     76145 @ core#
         32    131072      4160       260        16   29 :       1719       301     76210 @ core#
         32    131072      4144       259        16   30 :       1719       300     76217 @ core#
         32    131072      4128       258        16   31 :       1720       299     76196 @ core#
         32    131072    131072      8192        16   -1 :       1721      9501     76196 TOTAL
             Variable Dim             MinValue             MaxValue            AbsMaxErr         AvgAbsErr/GP          MaxRelErr-%
                PLUDE 2D1  0.0000000000000e+00  1.0267201089823e-04  0.0000000000000e+00  0.0000000000000e+00  0.0000000000000e+00      
             PCOVPTOT 2D1  0.0000000000000e+00  1.0000000000000e+00  0.0000000000000e+00  0.0000000000000e+00  0.0000000000000e+00      
     PRAINFRAC_TOPRFZ 2D1  0.0000000000000e+00  0.0000000000000e+00  0.0000000000000e+00  0.0000000000000e+00  0.0000000000000e+00      
               PFSQLF 2D1 -2.5817563600963e-06  4.0808628024869e-06  1.3234889800848e-21  2.3376153645701e-22  0.0000000000000e+00      
               PFSQIF 2D1 -2.8108738214051e-06  3.8878365981669e-06  6.6174449004242e-22  1.6765568679708e-22  0.0000000000000e+00      
              PFCQLNG 2D1 -3.5555642908082e-08  1.4133894678714e-09  0.0000000000000e+00  0.0000000000000e+00  0.0000000000000e+00      
              PFCQNNG 2D1 -5.2850140216625e-07  8.7885623295760e-09  0.0000000000000e+00  0.0000000000000e+00  0.0000000000000e+00      
               PFSQRF 2D1 -2.5817563600963e-06  4.0808628024869e-06  1.3234889800848e-21  2.1125741742384e-22  0.0000000000000e+00      
               PFSQSF 2D1 -2.7688769863077e-06  3.8603498954962e-06  6.7497937984327e-22  1.6687797091873e-22  0.0000000000000e+00      
              PFCQRNG 2D1 -3.5555642908082e-08  1.4133894678714e-09  0.0000000000000e+00  0.0000000000000e+00  0.0000000000000e+00      
              PFCQSNG 2D1 -5.2850140216625e-07  8.7885623295760e-09  0.0000000000000e+00  0.0000000000000e+00  0.0000000000000e+00      
             PFSQLTUR 2D1 -8.1159493430619e-07  2.6534563852270e-07  0.0000000000000e+00  0.0000000000000e+00  0.0000000000000e+00      
             PFSQITUR 2D1 -2.6516903010901e-06  3.8645677692316e-07  0.0000000000000e+00  0.0000000000000e+00  0.0000000000000e+00      
               PFPLSL 2D1  0.0000000000000e+00  0.0000000000000e+00  0.0000000000000e+00  0.0000000000000e+00  0.0000000000000e+00      
               PFPLSN 2D1  0.0000000000000e+00  2.9699580041076e-05  6.7762635780344e-21  1.6690081380619e-21  0.0000000000000e+00      
               PFHPSL 2D1 -0.0000000000000e+00 -0.0000000000000e+00  0.0000000000000e+00  0.0000000000000e+00  0.0000000000000e+00      
               PFHPSN 2D3 -8.4183459626431e+01 -0.0000000000000e+00  2.1316282072803e-14  4.7438825599971e-15  1.0023441730029e-15      
       TENDENCY_LOC%A 2D2 -2.7777777777778e-04  2.6313098096235e-04  3.0831999280057e-19  6.9377542348157e-21  9.0934532306576e-14      
       TENDENCY_LOC%Q 2D1 -1.9973824048511e-08  1.4955800737964e-08  1.2076836943274e-22  3.6212395585767e-24  0.0000000000000e+00      
       TENDENCY_LOC%T 2D2 -4.1322003941667e-05  5.4352784463612e-05  2.9646153153901e-19  2.3300574258145e-20  3.0540528691636e-13  !!!!
     TENDENCY_LOC%CLD 2D1 -1.2224810361478e-08  9.8165463509733e-09  2.6883369907973e-23  1.1437317768606e-24  0.0000000000000e+00      
