cpu-bind=MASK - ault07, task  0  0 [1860398]: mask 0xffff000000000000ffff set
     NUMOMP=32, NGPTOT=4096, NPROMA=16, NGPBLKS=256
 Reference MFLOP count for 100 columns :  12.48232900
     NUMOMP    NGPTOT  #GP-cols     #BLKS    NPROMA tid# : Time(msec)  MFlops/s     col/s
         32      4096       128         8        16    0 :         36       440    112824 @ core#
         32      4096       128         8        16    1 :         36       437    112212 @ core#
         32      4096       128         8        16    2 :         35       443    113806 @ core#
         32      4096       144         9        16    3 :         37       481    109632 @ core#
         32      4096       128         8        16    4 :         36       436    111983 @ core#
         32      4096       128         8        16    5 :         36       442    113536 @ core#
         32      4096       144         9        16    6 :         37       481    109758 @ core#
         32      4096       128         8        16    7 :         36       437    112153 @ core#
         32      4096       112         7        16    8 :         35       398    116887 @ core#
         32      4096       128         8        16    9 :         37       426    109312 @ core#
         32      4096       112         7        16   10 :         35       398    116745 @ core#
         32      4096       128         8        16   11 :         37       425    108959 @ core#
         32      4096       112         7        16   12 :         34       402    117832 @ core#
         32      4096       128         8        16   13 :         37       427    109546 @ core#
         32      4096       128         8        16   14 :         37       424    108799 @ core#
         32      4096       112         7        16   15 :         35       396    116210 @ core#
         32      4096       128         8        16   16 :         34       457    117398 @ core#
         32      4096       128         8        16   17 :         35       451    115645 @ core#
         32      4096       144         9        16   18 :         37       481    109714 @ core#
         32      4096       128         8        16   19 :         34       459    117773 @ core#
         32      4096       128         8        16   20 :         34       457    117389 @ core#
         32      4096       144         9        16   21 :         36       489    111588 @ core#
         32      4096       128         8        16   22 :         34       456    117057 @ core#
         32      4096       128         8        16   23 :         35       448    115045 @ core#
         32      4096       128         8        16   24 :         37       431    110560 @ core#
         32      4096       128         8        16   25 :         37       422    108421 @ core#
         32      4096       128         8        16   26 :         37       425    109000 @ core#
         32      4096       128         8        16   27 :         37       429    110148 @ core#
         32      4096       128         8        16   28 :         36       433    111025 @ core#
         32      4096       128         8        16   29 :         36       438    112391 @ core#
         32      4096       128         8        16   30 :         36       434    111305 @ core#
         32      4096       128         8        16   31 :         36       439    112684 @ core#
         32      4096      4096       256        16   -1 :         37     13507    112684 TOTAL
             Variable Dim             MinValue             MaxValue            AbsMaxErr         AvgAbsErr/GP          MaxRelErr-%
                PLUDE 2D1  0.0000000000000e+00  1.0267201089823e-04  0.0000000000000e+00  0.0000000000000e+00  0.0000000000000e+00      
             PCOVPTOT 2D1  0.0000000000000e+00  1.0000000000000e+00  0.0000000000000e+00  0.0000000000000e+00  0.0000000000000e+00      
     PRAINFRAC_TOPRFZ 2D1  0.0000000000000e+00  0.0000000000000e+00  0.0000000000000e+00  0.0000000000000e+00  0.0000000000000e+00      
               PFSQLF 2D1 -2.5817563600963e-06  4.0808628024869e-06  1.3234889800848e-21  2.3393984426514e-22  0.0000000000000e+00      
               PFSQIF 2D1 -2.8108738214051e-06  3.8878365981669e-06  6.6174449004242e-22  1.6778357061615e-22  0.0000000000000e+00      
              PFCQLNG 2D1 -3.5555642908082e-08  1.4133894678714e-09  0.0000000000000e+00  0.0000000000000e+00  0.0000000000000e+00      
              PFCQNNG 2D1 -5.2850140216625e-07  8.7885623295760e-09  0.0000000000000e+00  0.0000000000000e+00  0.0000000000000e+00      
               PFSQRF 2D1 -2.5817563600963e-06  4.0808628024869e-06  1.3234889800848e-21  2.1141855961867e-22  0.0000000000000e+00      
               PFSQSF 2D1 -2.7688769863077e-06  3.8603498954962e-06  6.7497937984327e-22  1.6700526151440e-22  0.0000000000000e+00      
              PFCQRNG 2D1 -3.5555642908082e-08  1.4133894678714e-09  0.0000000000000e+00  0.0000000000000e+00  0.0000000000000e+00      
              PFCQSNG 2D1 -5.2850140216625e-07  8.7885623295760e-09  0.0000000000000e+00  0.0000000000000e+00  0.0000000000000e+00      
             PFSQLTUR 2D1 -8.1159493430619e-07  2.6534563852270e-07  0.0000000000000e+00  0.0000000000000e+00  0.0000000000000e+00      
             PFSQITUR 2D1 -2.6516903010901e-06  3.8645677692316e-07  0.0000000000000e+00  0.0000000000000e+00  0.0000000000000e+00      
               PFPLSL 2D1  0.0000000000000e+00  0.0000000000000e+00  0.0000000000000e+00  0.0000000000000e+00  0.0000000000000e+00      
               PFPLSN 2D1  0.0000000000000e+00  2.9699580041076e-05  6.7762635780344e-21  1.6702844518977e-21  0.0000000000000e+00      
               PFHPSL 2D1 -0.0000000000000e+00 -0.0000000000000e+00  0.0000000000000e+00  0.0000000000000e+00  0.0000000000000e+00      
               PFHPSN 2D3 -8.4183459626431e+01 -0.0000000000000e+00  2.1316282072803e-14  4.7475044728795e-15  1.0042128423025e-15      
       TENDENCY_LOC%A 2D1 -2.7777777777778e-04  2.6313098096235e-04  3.0831999280057e-19  6.9430471002147e-21  0.0000000000000e+00      
       TENDENCY_LOC%Q 2D1 -1.9973824048511e-08  1.4955800737964e-08  1.2076836943274e-22  3.6240017550364e-24  0.0000000000000e+00      
       TENDENCY_LOC%T 2D1 -4.1322003941667e-05  5.4352784463612e-05  2.9646153153901e-19  2.3318471883876e-20  0.0000000000000e+00      
     TENDENCY_LOC%CLD 2D1 -1.2224810361478e-08  9.8165463509733e-09  2.6883369907973e-23  1.1446050273938e-24  0.0000000000000e+00      
