cpu-bind=MASK - ault07, task  0  0 [1863437]: mask 0xffff000000000000ffff set
     NUMOMP=32, NGPTOT=8192, NPROMA=16, NGPBLKS=512
 Reference MFLOP count for 100 columns :  12.48232900
     NUMOMP    NGPTOT  #GP-cols     #BLKS    NPROMA tid# : Time(msec)  MFlops/s     col/s
         32      8192       256        16        16    0 :         67       475    121998 @ core#
         32      8192       256        16        16    1 :         67       476    122119 @ core#
         32      8192       272        17        16    2 :         67       504    121790 @ core#
         32      8192       272        17        16    3 :         67       504    121762 @ core#
         32      8192       256        16        16    4 :         65       485    124568 @ core#
         32      8192       256        16        16    5 :         65       485    124527 @ core#
         32      8192       256        16        16    6 :         66       477    122353 @ core#
         32      8192       256        16        16    7 :         66       477    122396 @ core#
         32      8192       256        16        16    8 :         67       471    120941 @ core#
         32      8192       256        16        16    9 :         65       486    124660 @ core#
         32      8192       256        16        16   10 :         66       479    122800 @ core#
         32      8192       272        17        16   11 :         66       508    122806 @ core#
         32      8192       256        16        16   12 :         66       480    123221 @ core#
         32      8192       256        16        16   13 :         66       479    122974 @ core#
         32      8192       272        17        16   14 :         67       502    121264 @ core#
         32      8192       240        15        16   15 :         65       457    125121 @ core#
         32      8192       256        16        16   16 :         66       479    122821 @ core#
         32      8192       240        15        16   17 :         66       452    123702 @ core#
         32      8192       256        16        16   18 :         66       482    123657 @ core#
         32      8192       240        15        16   19 :         66       453    123939 @ core#
         32      8192       256        16        16   20 :         65       490    125821 @ core#
         32      8192       256        16        16   21 :         66       479    122958 @ core#
         32      8192       240        15        16   22 :         65       455    124448 @ core#
         32      8192       256        16        16   23 :         65       485    124417 @ core#
         32      8192       256        16        16   24 :         67       470    120557 @ core#
         32      8192       256        16        16   25 :         68       465    119461 @ core#
         32      8192       272        17        16   26 :         68       498    120256 @ core#
         32      8192       256        16        16   27 :         65       484    124316 @ core#
         32      8192       256        16        16   28 :         66       482    123596 @ core#
         32      8192       240        15        16   29 :         66       450    123231 @ core#
         32      8192       256        16        16   30 :         66       479    123004 @ core#
         32      8192       256        16        16   31 :         68       469    120351 @ core#
         32      8192      8192       512        16   -1 :         68     14843    120351 TOTAL
             Variable Dim             MinValue             MaxValue            AbsMaxErr         AvgAbsErr/GP          MaxRelErr-%
                PLUDE 2D1  0.0000000000000e+00  1.0267201089823e-04  0.0000000000000e+00  0.0000000000000e+00  0.0000000000000e+00      
             PCOVPTOT 2D1  0.0000000000000e+00  1.0000000000000e+00  0.0000000000000e+00  0.0000000000000e+00  0.0000000000000e+00      
     PRAINFRAC_TOPRFZ 2D1  0.0000000000000e+00  0.0000000000000e+00  0.0000000000000e+00  0.0000000000000e+00  0.0000000000000e+00      
               PFSQLF 2D1 -2.5817563600963e-06  4.0808628024869e-06  1.3234889800848e-21  2.3393984426514e-22  0.0000000000000e+00      
               PFSQIF 2D1 -2.8108738214051e-06  3.8878365981669e-06  6.6174449004242e-22  1.6778357061615e-22  0.0000000000000e+00      
              PFCQLNG 2D1 -3.5555642908082e-08  1.4133894678714e-09  0.0000000000000e+00  0.0000000000000e+00  0.0000000000000e+00      
              PFCQNNG 2D1 -5.2850140216625e-07  8.7885623295760e-09  0.0000000000000e+00  0.0000000000000e+00  0.0000000000000e+00      
               PFSQRF 2D1 -2.5817563600963e-06  4.0808628024869e-06  1.3234889800848e-21  2.1141855961867e-22  0.0000000000000e+00      
               PFSQSF 2D1 -2.7688769863077e-06  3.8603498954962e-06  6.7497937984327e-22  1.6700526151440e-22  0.0000000000000e+00      
              PFCQRNG 2D1 -3.5555642908082e-08  1.4133894678714e-09  0.0000000000000e+00  0.0000000000000e+00  0.0000000000000e+00      
              PFCQSNG 2D1 -5.2850140216625e-07  8.7885623295760e-09  0.0000000000000e+00  0.0000000000000e+00  0.0000000000000e+00      
             PFSQLTUR 2D1 -8.1159493430619e-07  2.6534563852270e-07  0.0000000000000e+00  0.0000000000000e+00  0.0000000000000e+00      
             PFSQITUR 2D1 -2.6516903010901e-06  3.8645677692316e-07  0.0000000000000e+00  0.0000000000000e+00  0.0000000000000e+00      
               PFPLSL 2D1  0.0000000000000e+00  0.0000000000000e+00  0.0000000000000e+00  0.0000000000000e+00  0.0000000000000e+00      
               PFPLSN 2D1  0.0000000000000e+00  2.9699580041076e-05  6.7762635780344e-21  1.6702327531094e-21  0.0000000000000e+00      
               PFHPSL 2D1 -0.0000000000000e+00 -0.0000000000000e+00  0.0000000000000e+00  0.0000000000000e+00  0.0000000000000e+00      
               PFHPSN 2D3 -8.4183459626431e+01 -0.0000000000000e+00  2.1316282072803e-14  4.7474502627709e-15  1.0033560138268e-15      
       TENDENCY_LOC%A 2D1 -2.7777777777778e-04  2.6313098096235e-04  3.0831999280057e-19  6.9430325599305e-21  0.0000000000000e+00      
       TENDENCY_LOC%Q 2D1 -1.9973824048511e-08  1.4955800737964e-08  1.2076836943274e-22  3.6240017550364e-24  0.0000000000000e+00      
       TENDENCY_LOC%T 2D1 -4.1322003941667e-05  5.4352784463612e-05  2.9646153153901e-19  2.3316481480527e-20  0.0000000000000e+00      
     TENDENCY_LOC%CLD 2D1 -1.2224810361478e-08  9.8165463509733e-09  2.6883369907973e-23  1.1445924056193e-24  0.0000000000000e+00      
