cpu-bind=MASK - ault07, task  0  0 [1866827]: mask 0xffff000000000000ffff set
     NUMOMP=32, NGPTOT=16384, NPROMA=16, NGPBLKS=1024
 Reference MFLOP count for 100 columns :  12.48232900
     NUMOMP    NGPTOT  #GP-cols     #BLKS    NPROMA tid# : Time(msec)  MFlops/s     col/s
         32     16384       512        32        16    0 :        129       493    126558 @ core#
         32     16384       528        33        16    1 :        130       506    125916 @ core#
         32     16384       528        33        16    2 :        132       498    124014 @ core#
         32     16384       528        33        16    3 :        132       496    123387 @ core#
         32     16384       528        33        16    4 :        129       508    126294 @ core#
         32     16384       512        32        16    5 :        129       493    126588 @ core#
         32     16384       512        32        16    6 :        129       493    126606 @ core#
         32     16384       528        33        16    7 :        131       502    124946 @ core#
         32     16384       512        32        16    8 :        131       487    124959 @ core#
         32     16384       512        32        16    9 :        131       487    124984 @ core#
         32     16384       528        33        16   10 :        130       504    125536 @ core#
         32     16384       512        32        16   11 :        129       494    126702 @ core#
         32     16384       512        32        16   12 :        130       490    125834 @ core#
         32     16384       528        33        16   13 :        130       505    125775 @ core#
         32     16384       528        33        16   14 :        132       498    123833 @ core#
         32     16384       528        33        16   15 :        130       504    125298 @ core#
         32     16384       512        32        16   16 :        131       485    124381 @ core#
         32     16384       512        32        16   17 :        130       489    125566 @ core#
         32     16384       528        33        16   18 :        130       504    125358 @ core#
         32     16384       528        33        16   19 :        131       502    124798 @ core#
         32     16384       512        32        16   20 :        131       484    124236 @ core#
         32     16384       528        33        16   21 :        131       502    124988 @ core#
         32     16384       512        32        16   22 :        131       486    124762 @ core#
         32     16384       512        32        16   23 :        131       485    124553 @ core#
         32     16384       496        31        16   24 :        129       478    126644 @ core#
         32     16384       480        30        16   25 :        130       458    125386 @ core#
         32     16384       496        31        16   26 :        131       472    124990 @ core#
         32     16384       480        30        16   27 :        130       459    125749 @ core#
         32     16384       480        30        16   28 :        130       459    125668 @ core#
         32     16384       496        31        16   29 :        130       474    125576 @ core#
         32     16384       480        30        16   30 :        131       456    124833 @ core#
         32     16384       496        31        16   31 :        130       473    125194 @ core#
         32     16384     16384      1024        16   -1 :        132     15381    125194 TOTAL
             Variable Dim             MinValue             MaxValue            AbsMaxErr         AvgAbsErr/GP          MaxRelErr-%
                PLUDE 2D1  0.0000000000000e+00  1.0267201089823e-04  0.0000000000000e+00  0.0000000000000e+00  0.0000000000000e+00      
             PCOVPTOT 2D1  0.0000000000000e+00  1.0000000000000e+00  0.0000000000000e+00  0.0000000000000e+00  0.0000000000000e+00      
     PRAINFRAC_TOPRFZ 2D1  0.0000000000000e+00  0.0000000000000e+00  0.0000000000000e+00  0.0000000000000e+00  0.0000000000000e+00      
               PFSQLF 2D1 -2.5817563600963e-06  4.0808628024869e-06  1.3234889800848e-21  2.3393984426514e-22  0.0000000000000e+00      
               PFSQIF 2D1 -2.8108738214051e-06  3.8878365981669e-06  6.6174449004242e-22  1.6778357061615e-22  0.0000000000000e+00      
              PFCQLNG 2D1 -3.5555642908082e-08  1.4133894678714e-09  0.0000000000000e+00  0.0000000000000e+00  0.0000000000000e+00      
              PFCQNNG 2D1 -5.2850140216625e-07  8.7885623295760e-09  0.0000000000000e+00  0.0000000000000e+00  0.0000000000000e+00      
               PFSQRF 2D1 -2.5817563600963e-06  4.0808628024869e-06  1.3234889800848e-21  2.1141855961867e-22  0.0000000000000e+00      
               PFSQSF 2D1 -2.7688769863077e-06  3.8603498954962e-06  6.7497937984327e-22  1.6700526151440e-22  0.0000000000000e+00      
              PFCQRNG 2D1 -3.5555642908082e-08  1.4133894678714e-09  0.0000000000000e+00  0.0000000000000e+00  0.0000000000000e+00      
              PFCQSNG 2D1 -5.2850140216625e-07  8.7885623295760e-09  0.0000000000000e+00  0.0000000000000e+00  0.0000000000000e+00      
             PFSQLTUR 2D1 -8.1159493430619e-07  2.6534563852270e-07  0.0000000000000e+00  0.0000000000000e+00  0.0000000000000e+00      
             PFSQITUR 2D1 -2.6516903010901e-06  3.8645677692316e-07  0.0000000000000e+00  0.0000000000000e+00  0.0000000000000e+00      
               PFPLSL 2D1  0.0000000000000e+00  0.0000000000000e+00  0.0000000000000e+00  0.0000000000000e+00  0.0000000000000e+00      
               PFPLSN 2D1  0.0000000000000e+00  2.9699580041076e-05  6.7762635780344e-21  1.6702586025036e-21  0.0000000000000e+00      
               PFHPSL 2D1 -0.0000000000000e+00 -0.0000000000000e+00  0.0000000000000e+00  0.0000000000000e+00  0.0000000000000e+00      
               PFHPSN 2D3 -8.4183459626431e+01 -0.0000000000000e+00  2.1316282072803e-14  4.7474773678252e-15  1.0030451290915e-15      
       TENDENCY_LOC%A 2D1 -2.7777777777778e-04  2.6313098096235e-04  3.0831999280057e-19  6.9430398300726e-21  0.0000000000000e+00      
       TENDENCY_LOC%Q 2D1 -1.9973824048511e-08  1.4955800737964e-08  1.2076836943274e-22  3.6240017550364e-24  0.0000000000000e+00      
       TENDENCY_LOC%T 2D2 -4.1322003941667e-05  5.4352784463612e-05  2.9646153153901e-19  2.3317476682201e-20  3.8203353796118e-14      
     TENDENCY_LOC%CLD 2D1 -1.2224810361478e-08  9.8165463509733e-09  2.6883369907973e-23  1.1445983220761e-24  0.0000000000000e+00      
