cpu-bind=MASK - ault10, task  0  0 [2523804]: mask 0xffff000000000000ffff set
     NUMPROC=1, NUMOMP=32, NGPTOTG=8192, NPROMA=16, NGPBLKS=512
 Reference MFLOP count for 100 columns :  12.48232900
     NUMOMP    NGPTOT  #GP-cols     #BLKS    NPROMA tid# : Time(msec)  MFlops/s     col/s
         32      8192       256        16        16    0 :         53       596    152900 @ rank#0:core#0
         32      8192       256        16        16    1 :         55       577    148154 @ rank#0:core#64
         32      8192       256        16        16    2 :         53       600    153934 @ rank#0:core#65
         32      8192       240        15        16    3 :         54       554    151509 @ rank#0:core#1
         32      8192       256        16        16    4 :         55       579    148572 @ rank#0:core#66
         32      8192       240        15        16    5 :         54       553    151423 @ rank#0:core#2
         32      8192       240        15        16    6 :         54       552    151197 @ rank#0:core#3
         32      8192       240        15        16    7 :         54       553    151415 @ rank#0:core#67
         32      8192       224        14        16    8 :         53       522    153127 @ rank#0:core#68
         32      8192       240        15        16    9 :         54       551    150679 @ rank#0:core#4
         32      8192       240        15        16   10 :         54       551    150673 @ rank#0:core#5
         32      8192       224        14        16   11 :         53       522    153082 @ rank#0:core#69
         32      8192       240        15        16   12 :         54       551    150917 @ rank#0:core#70
         32      8192       240        15        16   13 :         54       552    151105 @ rank#0:core#6
         32      8192       240        15        16   14 :         54       545    149283 @ rank#0:core#7
         32      8192       240        15        16   15 :         54       550    150566 @ rank#0:core#71
         32      8192       256        16        16   16 :         54       590    151416 @ rank#0:core#72
         32      8192       256        16        16   17 :         54       590    151480 @ rank#0:core#8
         32      8192       272        17        16   18 :         54       623    150440 @ rank#0:core#9
         32      8192       256        16        16   19 :         53       592    151834 @ rank#0:core#73
         32      8192       256        16        16   20 :         53       596    152843 @ rank#0:core#74
         32      8192       272        17        16   21 :         54       618    149192 @ rank#0:core#10
         32      8192       272        17        16   22 :         54       618    149138 @ rank#0:core#11
         32      8192       272        17        16   23 :         54       625    150988 @ rank#0:core#75
         32      8192       272        17        16   24 :         55       615    148625 @ rank#0:core#76
         32      8192       272        17        16   25 :         54       627    151416 @ rank#0:core#12
         32      8192       272        17        16   26 :         54       622    150244 @ rank#0:core#13
         32      8192       272        17        16   27 :         54       622    150315 @ rank#0:core#77
         32      8192       272        17        16   28 :         55       612    147850 @ rank#0:core#78
         32      8192       272        17        16   29 :         55       612    147864 @ rank#0:core#14
         32      8192       288        18        16   30 :         55       652    148619 @ rank#0:core#15
         32      8192       288        18        16   31 :         55       646    147389 @ rank#0:core#79
         32      8192      8192       512        16   -1 :         55     18373    147197 : TOTAL @ rank#0
    1 x  32      8192      8192       512        16   -1 :         55     18373    147197 : TOTAL
             Variable Dim             MinValue             MaxValue            AbsMaxErr         AvgAbsErr/GP          MaxRelErr-%
                PLUDE 2D1  0.0000000000000E+00  0.1026720108982E-03  0.0000000000000E+00  0.0000000000000E+00  0.0000000000000E+00     
             PCOVPTOT 2D3  0.0000000000000E+00  0.1000000000000E+01  0.2442490654175E-14  0.1338932084779E-14  0.5023917654243E-14     
     PRAINFRAC_TOPRFZ 1D1  0.0000000000000E+00  0.0000000000000E+00  0.0000000000000E+00  0.0000000000000E+00  0.0000000000000E+00     
               PFSQLF 2D3 -0.2581756360096E-05  0.4080862802487E-05  0.1086849150446E-18  0.1944771780139E-18  0.1913342765312E-11 !!!!
               PFSQIF 2D3 -0.2810873821405E-05  0.3887836598167E-05  0.8343274530455E-19  0.1508481733102E-18  0.6730289603472E-12 !!!!
              PFCQLNG 2D1 -0.3555564290808E-07  0.1413389467871E-08  0.0000000000000E+00  0.0000000000000E+00  0.0000000000000E+00     
              PFCQNNG 2D1 -0.5285014021662E-06  0.8788562329576E-08  0.0000000000000E+00  0.0000000000000E+00  0.0000000000000E+00     
               PFSQRF 2D3 -0.2581756360096E-05  0.4080862802487E-05  0.1086849150446E-18  0.1858149401654E-18  0.1925035340517E-11 !!!!
               PFSQSF 2D3 -0.2768876986308E-05  0.3860349895496E-05  0.8216219588367E-19  0.1484928073494E-18  0.6663428660067E-12 !!!!
              PFCQRNG 2D1 -0.3555564290808E-07  0.1413389467871E-08  0.0000000000000E+00  0.0000000000000E+00  0.0000000000000E+00     
              PFCQSNG 2D1 -0.5285014021662E-06  0.8788562329576E-08  0.0000000000000E+00  0.0000000000000E+00  0.0000000000000E+00     
             PFSQLTUR 2D1 -0.8115949343062E-06  0.2653456385227E-06  0.0000000000000E+00  0.0000000000000E+00  0.0000000000000E+00     
             PFSQITUR 2D1 -0.2651690301090E-05  0.3864567769232E-06  0.0000000000000E+00  0.0000000000000E+00  0.0000000000000E+00     
               PFPLSL 2D1  0.0000000000000E+00  0.0000000000000E+00  0.0000000000000E+00  0.0000000000000E+00  0.0000000000000E+00     
               PFPLSN 2D3  0.0000000000000E+00  0.2969958004108E-04  0.1634773588201E-18  0.3833144424864E-18  0.2214218206021E-12     
               PFHPSL 2D1 -0.0000000000000E+00 -0.0000000000000E+00  0.0000000000000E+00  0.0000000000000E+00  0.0000000000000E+00     
               PFHPSN 2D3 -0.8418345962643E+02 -0.0000000000000E+00  0.4618527782441E-12  0.1086844658326E-11  0.2214910838747E-12     
       TENDENCY_LOC%A 2D3 -0.2777777777778E-03  0.2631309809623E-03  0.1785714859402E-16  0.2062614485325E-17  0.4518769356260E-12 !!!!
       TENDENCY_LOC%Q 2D1 -0.1997382404851E-07  0.1495580073796E-07  0.1806976048122E-20  0.8635158769719E-21  0.0000000000000E+00     
       TENDENCY_LOC%T 2D3 -0.4132200394167E-04  0.5435278446361E-04  0.5211793724456E-17  0.2774248118326E-17  0.1248762571266E-11 !!!!
     TENDENCY_LOC%CLD 3D1 -0.1222481036148E-07  0.9816546350973E-08  0.5053039566933E-21  0.3875623099068E-21  0.0000000000000E+00     
