cpu-bind=MASK - ault10, task  0  0 [2513061]: mask 0xffff000000000000ffff set
     NUMPROC=1, NUMOMP=32, NGPTOTG=4096, NPROMA=4, NGPBLKS=1024
 Reference MFLOP count for 100 columns :  12.48232900
     NUMOMP    NGPTOT  #GP-cols     #BLKS    NPROMA tid# : Time(msec)  MFlops/s     col/s
         32      4096       124        31         4    0 :         33       467    123790 @ rank#0:core#64
         32      4096       132        33         4    1 :         33       497    123645 @ rank#0:core#0
         32      4096       132        33         4    2 :         30       531    132191 @ rank#0:core#1
         32      4096       132        33         4    3 :         33       492    122341 @ rank#0:core#1
         32      4096       128        32         4    4 :         32       484    124177 @ rank#0:core#66
         32      4096       124        31         4    5 :         32       470    124543 @ rank#0:core#2
         32      4096       128        32         4    6 :         33       483    124047 @ rank#0:core#3
         32      4096       128        32         4    7 :         33       483    124033 @ rank#0:core#67
         32      4096       132        33         4    8 :         33       495    123242 @ rank#0:core#68
         32      4096       128        32         4    9 :         33       481    123396 @ rank#0:core#4
         32      4096       124        31         4   10 :         33       468    124058 @ rank#0:core#5
         32      4096       128        32         4   11 :         32       486    124790 @ rank#0:core#69
         32      4096       124        31         4   12 :         32       471    124757 @ rank#0:core#70
         32      4096       128        32         4   13 :         32       486    124601 @ rank#0:core#6
         32      4096       128        32         4   14 :         33       482    123577 @ rank#0:core#7
         32      4096       132        33         4   15 :         33       496    123388 @ rank#0:core#71
         32      4096       128        32         4   16 :         32       487    124877 @ rank#0:core#72
         32      4096       124        31         4   17 :         32       471    124655 @ rank#0:core#8
         32      4096       128        32         4   18 :         32       484    124181 @ rank#0:core#9
         32      4096       128        32         4   19 :         32       487    124925 @ rank#0:core#73
         32      4096       132        33         4   20 :         33       497    123724 @ rank#0:core#74
         32      4096       128        32         4   21 :         32       487    124867 @ rank#0:core#10
         32      4096       124        31         4   22 :         32       471    124774 @ rank#0:core#11
         32      4096       128        32         4   23 :         32       486    124706 @ rank#0:core#75
         32      4096       128        32         4   24 :         32       485    124520 @ rank#0:core#76
         32      4096       128        32         4   25 :         32       485    124374 @ rank#0:core#12
         32      4096       124        31         4   26 :         32       473    125357 @ rank#0:core#13
         32      4096       132        33         4   27 :         33       497    123757 @ rank#0:core#77
         32      4096       128        32         4   28 :         32       485    124340 @ rank#0:core#78
         32      4096       128        32         4   29 :         32       484    124131 @ rank#0:core#14
         32      4096       128        32         4   30 :         32       488    125173 @ rank#0:core#15
         32      4096       128        32         4   31 :         32       488    125206 @ rank#0:core#79
         32      4096      4096      1024         4   -1 :         33     15238    122082 : TOTAL @ rank#0
    1 x  32      4096      4096      1024         4   -1 :         33     15238    122082 : TOTAL
             Variable Dim             MinValue             MaxValue            AbsMaxErr         AvgAbsErr/GP          MaxRelErr-%
                PLUDE 2D1  0.0000000000000E+00  0.1026720108982E-03  0.0000000000000E+00  0.0000000000000E+00  0.0000000000000E+00     
             PCOVPTOT 2D3  0.0000000000000E+00  0.1000000000000E+01  0.2442490654175E-14  0.1339806222781E-14  0.5027618877978E-14     
     PRAINFRAC_TOPRFZ 1D1  0.0000000000000E+00  0.0000000000000E+00  0.0000000000000E+00  0.0000000000000E+00  0.0000000000000E+00     
               PFSQLF 2D3 -0.2581756360096E-05  0.4080862802487E-05  0.1086849150446E-18  0.1945816519754E-18  0.1917122827773E-11 !!!!
               PFSQIF 2D3 -0.2810873821405E-05  0.3887836598167E-05  0.8343274530455E-19  0.1508378148723E-18  0.6730782683958E-12 !!!!
              PFCQLNG 2D1 -0.3555564290808E-07  0.1413389467871E-08  0.0000000000000E+00  0.0000000000000E+00  0.0000000000000E+00     
              PFCQNNG 2D1 -0.5285014021662E-06  0.8788562329576E-08  0.0000000000000E+00  0.0000000000000E+00  0.0000000000000E+00     
               PFSQRF 2D3 -0.2581756360096E-05  0.4080862802487E-05  0.1086849150446E-18  0.1859133395192E-18  0.1928835385239E-11 !!!!
               PFSQSF 2D3 -0.2768876986308E-05  0.3860349895496E-05  0.8216219588367E-19  0.1484802711537E-18  0.6663866322688E-12 !!!!
              PFCQRNG 2D1 -0.3555564290808E-07  0.1413389467871E-08  0.0000000000000E+00  0.0000000000000E+00  0.0000000000000E+00     
              PFCQSNG 2D1 -0.5285014021662E-06  0.8788562329576E-08  0.0000000000000E+00  0.0000000000000E+00  0.0000000000000E+00     
             PFSQLTUR 2D1 -0.8115949343062E-06  0.2653456385227E-06  0.0000000000000E+00  0.0000000000000E+00  0.0000000000000E+00     
             PFSQITUR 2D1 -0.2651690301090E-05  0.3864567769232E-06  0.0000000000000E+00  0.0000000000000E+00  0.0000000000000E+00     
               PFPLSL 2D1  0.0000000000000E+00  0.0000000000000E+00  0.0000000000000E+00  0.0000000000000E+00  0.0000000000000E+00     
               PFPLSN 2D3  0.0000000000000E+00  0.2969958004108E-04  0.1634773588201E-18  0.3831902338945E-18  0.2215303557379E-12     
               PFHPSL 2D1 -0.0000000000000E+00 -0.0000000000000E+00  0.0000000000000E+00  0.0000000000000E+00  0.0000000000000E+00     
               PFHPSN 2D3 -0.8418345962643E+02 -0.0000000000000E+00  0.4618527782441E-12  0.1086489201452E-11  0.2215989844891E-12     
       TENDENCY_LOC%A 2D3 -0.2777777777778E-03  0.2631309809623E-03  0.1785714859402E-16  0.2061903898405E-17  0.4518001433379E-12 !!!!
       TENDENCY_LOC%Q 2D1 -0.1997382404851E-07  0.1495580073796E-07  0.1806976048122E-20  0.8634499282002E-21  0.0000000000000E+00     
       TENDENCY_LOC%T 2D3 -0.4132200394167E-04  0.5435278446361E-04  0.5211793724456E-17  0.2773820527241E-17  0.1249058259006E-11 !!!!
     TENDENCY_LOC%CLD 3D1 -0.1222481036148E-07  0.9816546350973E-08  0.5053039566933E-21  0.3875159137737E-21  0.0000000000000E+00     
