cpu-bind=MASK - ault10, task  0  0 [2514477]: mask 0xffff000000000000ffff set
     NUMPROC=1, NUMOMP=32, NGPTOTG=4096, NPROMA=8, NGPBLKS=512
 Reference MFLOP count for 100 columns :  12.48232900
     NUMOMP    NGPTOT  #GP-cols     #BLKS    NPROMA tid# : Time(msec)  MFlops/s     col/s
         32      4096       128        16         8    0 :         27       591    151629 @ rank#0:core#64
         32      4096       128        16         8    1 :         27       587    150697 @ rank#0:core#0
         32      4096       128        16         8    2 :         25       634    162733 @ rank#0:core#65
         32      4096       128        16         8    3 :         27       585    150198 @ rank#0:core#1
         32      4096       128        16         8    4 :         26       594    152525 @ rank#0:core#66
         32      4096       128        16         8    5 :         25       636    163223 @ rank#0:core#2
         32      4096       128        16         8    6 :         27       573    147084 @ rank#0:core#3
         32      4096       136        17         8    7 :         28       606    146218 @ rank#0:core#67
         32      4096       128        16         8    8 :         27       579    148656 @ rank#0:core#68
         32      4096       128        16         8    9 :         27       588    150922 @ rank#0:core#4
         32      4096       128        16         8   10 :         27       591    151615 @ rank#0:core#5
         32      4096       128        16         8   11 :         27       585    150199 @ rank#0:core#69
         32      4096       128        16         8   12 :         27       589    151074 @ rank#0:core#70
         32      4096       128        16         8   13 :         27       583    149621 @ rank#0:core#6
         32      4096       128        16         8   14 :         26       592    151892 @ rank#0:core#7
         32      4096       128        16         8   15 :         26       594    152513 @ rank#0:core#71
         32      4096       128        16         8   16 :         27       580    148879 @ rank#0:core#72
         32      4096       128        16         8   17 :         27       585    150194 @ rank#0:core#8
         32      4096       128        16         8   18 :         27       585    150076 @ rank#0:core#9
         32      4096       128        16         8   19 :         27       576    147828 @ rank#0:core#73
         32      4096       128        16         8   20 :         27       580    148739 @ rank#0:core#74
         32      4096       128        16         8   21 :         27       582    149301 @ rank#0:core#10
         32      4096       128        16         8   22 :         27       579    148545 @ rank#0:core#11
         32      4096       128        16         8   23 :         27       579    148578 @ rank#0:core#75
         32      4096       128        16         8   24 :         27       583    149655 @ rank#0:core#76
         32      4096       128        16         8   25 :         27       583    149635 @ rank#0:core#12
         32      4096       128        16         8   26 :         27       584    149930 @ rank#0:core#13
         32      4096       128        16         8   27 :         27       585    150196 @ rank#0:core#77
         32      4096       128        16         8   28 :         27       584    149889 @ rank#0:core#78
         32      4096       128        16         8   29 :         27       583    149620 @ rank#0:core#14
         32      4096       120        15         8   30 :         26       556    152306 @ rank#0:core#15
         32      4096       128        16         8   31 :         27       587    150655 @ rank#0:core#79
         32      4096      4096       512         8   -1 :         28     18198    145795 : TOTAL @ rank#0
    1 x  32      4096      4096       512         8   -1 :         28     18198    145795 : TOTAL
             Variable Dim             MinValue             MaxValue            AbsMaxErr         AvgAbsErr/GP          MaxRelErr-%
                PLUDE 2D1  0.0000000000000E+00  0.1026720108982E-03  0.0000000000000E+00  0.0000000000000E+00  0.0000000000000E+00     
             PCOVPTOT 2D3  0.0000000000000E+00  0.1000000000000E+01  0.2442490654175E-14  0.1339806222781E-14  0.5027618877978E-14     
     PRAINFRAC_TOPRFZ 1D1  0.0000000000000E+00  0.0000000000000E+00  0.0000000000000E+00  0.0000000000000E+00  0.0000000000000E+00     
               PFSQLF 2D3 -0.2581756360096E-05  0.4080862802487E-05  0.1086849150446E-18  0.1945816519754E-18  0.1917122827773E-11 !!!!
               PFSQIF 2D3 -0.2810873821405E-05  0.3887836598167E-05  0.8343274530455E-19  0.1508378148723E-18  0.6730782683958E-12 !!!!
              PFCQLNG 2D1 -0.3555564290808E-07  0.1413389467871E-08  0.0000000000000E+00  0.0000000000000E+00  0.0000000000000E+00     
              PFCQNNG 2D1 -0.5285014021662E-06  0.8788562329576E-08  0.0000000000000E+00  0.0000000000000E+00  0.0000000000000E+00     
               PFSQRF 2D3 -0.2581756360096E-05  0.4080862802487E-05  0.1086849150446E-18  0.1859133395192E-18  0.1928835385239E-11 !!!!
               PFSQSF 2D3 -0.2768876986308E-05  0.3860349895496E-05  0.8216219588367E-19  0.1484802711537E-18  0.6663866322688E-12 !!!!
              PFCQRNG 2D1 -0.3555564290808E-07  0.1413389467871E-08  0.0000000000000E+00  0.0000000000000E+00  0.0000000000000E+00     
              PFCQSNG 2D1 -0.5285014021662E-06  0.8788562329576E-08  0.0000000000000E+00  0.0000000000000E+00  0.0000000000000E+00     
             PFSQLTUR 2D1 -0.8115949343062E-06  0.2653456385227E-06  0.0000000000000E+00  0.0000000000000E+00  0.0000000000000E+00     
             PFSQITUR 2D1 -0.2651690301090E-05  0.3864567769232E-06  0.0000000000000E+00  0.0000000000000E+00  0.0000000000000E+00     
               PFPLSL 2D1  0.0000000000000E+00  0.0000000000000E+00  0.0000000000000E+00  0.0000000000000E+00  0.0000000000000E+00     
               PFPLSN 2D3  0.0000000000000E+00  0.2969958004108E-04  0.1634773588201E-18  0.3831902338945E-18  0.2215303557379E-12     
               PFHPSL 2D1 -0.0000000000000E+00 -0.0000000000000E+00  0.0000000000000E+00  0.0000000000000E+00  0.0000000000000E+00     
               PFHPSN 2D3 -0.8418345962643E+02 -0.0000000000000E+00  0.4618527782441E-12  0.1086489201452E-11  0.2215989844891E-12     
       TENDENCY_LOC%A 2D3 -0.2777777777778E-03  0.2631309809623E-03  0.1785714859402E-16  0.2061903898405E-17  0.4518001433379E-12 !!!!
       TENDENCY_LOC%Q 2D1 -0.1997382404851E-07  0.1495580073796E-07  0.1806976048122E-20  0.8634499282002E-21  0.0000000000000E+00     
       TENDENCY_LOC%T 2D3 -0.4132200394167E-04  0.5435278446361E-04  0.5211793724456E-17  0.2773820527241E-17  0.1249058259006E-11 !!!!
     TENDENCY_LOC%CLD 3D1 -0.1222481036148E-07  0.9816546350973E-08  0.5053039566933E-21  0.3875159137737E-21  0.0000000000000E+00     
