cpu-bind=MASK - ault10, task  0  0 [2558023]: mask 0xffff000000000000ffff set
     NUMPROC=1, NUMOMP=32, NGPTOTG=131072, NPROMA=32, NGPBLKS=4096
 Reference MFLOP count for 100 columns :  12.48232900
     NUMOMP    NGPTOT  #GP-cols     #BLKS    NPROMA tid# : Time(msec)  MFlops/s     col/s
         32    131072      4064       127        32    0 :      11606        43     11293 @ rank#0:core#0
         32    131072      4096       128        32    1 :      11592        44     11306 @ rank#0:core#64
         32    131072      4160       130        32    2 :      11568        44     11330 @ rank#0:core#1
         32    131072      4000       125        32    3 :      11595        43     11303 @ rank#0:core#65
         32    131072      4192       131        32    4 :      11609        45     11289 @ rank#0:core#2
         32    131072      4096       128        32    5 :      11586        44     11312 @ rank#0:core#66
         32    131072      4128       129        32    6 :      11554        44     11344 @ rank#0:core#67
         32    131072      4128       129        32    7 :      11607        44     11291 @ rank#0:core#67
         32    131072      4096       128        32    8 :      11573        44     11325 @ rank#0:core#68
         32    131072      4096       128        32    9 :      11566        44     11331 @ rank#0:core#4
         32    131072      4096       128        32   10 :      11591        44     11307 @ rank#0:core#69
         32    131072      3968       124        32   11 :      11617        42     11282 @ rank#0:core#5
         32    131072      4160       130        32   12 :      11566        44     11332 @ rank#0:core#70
         32    131072      4160       130        32   13 :      11568        44     11330 @ rank#0:core#6
         32    131072      4160       130        32   14 :      11565        44     11333 @ rank#0:core#7
         32    131072      4064       127        32   15 :      11554        43     11343 @ rank#0:core#71
         32    131072      4096       128        32   16 :      11601        44     11297 @ rank#0:core#8
         32    131072      4064       127        32   17 :      11582        43     11316 @ rank#0:core#72
         32    131072      4064       127        32   18 :      11589        43     11309 @ rank#0:core#73
         32    131072      4032       126        32   19 :      11577        43     11321 @ rank#0:core#9
         32    131072      4096       128        32   20 :      11600        44     11298 @ rank#0:core#10
         32    131072      4096       128        32   21 :      11611        44     11288 @ rank#0:core#74
         32    131072      4128       129        32   22 :      11591        44     11307 @ rank#0:core#11
         32    131072      4192       131        32   23 :      11570        45     11328 @ rank#0:core#75
         32    131072      4000       125        32   24 :      11599        43     11300 @ rank#0:core#12
         32    131072      4064       127        32   25 :      11565        43     11333 @ rank#0:core#76
         32    131072      4096       128        32   26 :      11612        44     11286 @ rank#0:core#13
         32    131072      4256       133        32   27 :      11603        45     11296 @ rank#0:core#77
         32    131072      4032       126        32   28 :      11567        43     11330 @ rank#0:core#14
         32    131072      4032       126        32   29 :      11602        43     11296 @ rank#0:core#78
         32    131072      4096       128        32   30 :      11604        44     11295 @ rank#0:core#15
         32    131072      4064       127        32   31 :      11606        43     11293 @ rank#0:core#79
         32    131072    131072      4096        32   -1 :      11631      1406     11268 : TOTAL @ rank#0
    1 x  32    131072    131072      4096        32   -1 :      11631      1406     11268 : TOTAL
             Variable Dim             MinValue             MaxValue            AbsMaxErr         AvgAbsErr/GP          MaxRelErr-%
                PLUDE 2D1  0.0000000000000E+00  0.1026720108982E-03  0.0000000000000E+00  0.0000000000000E+00  0.0000000000000E+00     
             PCOVPTOT 2D3  0.0000000000000E+00  0.1000000000000E+01  0.2442490654175E-14  0.1338535673360E-14  0.5022937188775E-14     
     PRAINFRAC_TOPRFZ 1D1  0.0000000000000E+00  0.0000000000000E+00  0.0000000000000E+00  0.0000000000000E+00  0.0000000000000E+00     
               PFSQLF 2D3 -0.2581756360096E-05  0.4080862802487E-05  0.1086849150446E-18  0.1944632938679E-18  0.1909904907141E-11 !!!!
               PFSQIF 2D3 -0.2810873821405E-05  0.3887836598167E-05  0.8343274530455E-19  0.1508647283941E-18  0.6732297736200E-12 !!!!
              PFCQLNG 2D1 -0.3555564290808E-07  0.1413389467871E-08  0.0000000000000E+00  0.0000000000000E+00  0.0000000000000E+00     
              PFCQNNG 2D1 -0.5285014021662E-06  0.8788562329576E-08  0.0000000000000E+00  0.0000000000000E+00  0.0000000000000E+00     
               PFSQRF 2D3 -0.2581756360096E-05  0.4080862802487E-05  0.1086849150446E-18  0.1858026272425E-18  0.1921605057655E-11 !!!!
               PFSQSF 2D3 -0.2768876986308E-05  0.3860349895496E-05  0.8216219588367E-19  0.1485086087578E-18  0.6665455864796E-12 !!!!
              PFCQRNG 2D1 -0.3555564290808E-07  0.1413389467871E-08  0.0000000000000E+00  0.0000000000000E+00  0.0000000000000E+00     
              PFCQSNG 2D1 -0.5285014021662E-06  0.8788562329576E-08  0.0000000000000E+00  0.0000000000000E+00  0.0000000000000E+00     
             PFSQLTUR 2D1 -0.8115949343062E-06  0.2653456385227E-06  0.0000000000000E+00  0.0000000000000E+00  0.0000000000000E+00     
             PFSQITUR 2D1 -0.2651690301090E-05  0.3864567769232E-06  0.0000000000000E+00  0.0000000000000E+00  0.0000000000000E+00     
               PFPLSL 2D1  0.0000000000000E+00  0.0000000000000E+00  0.0000000000000E+00  0.0000000000000E+00  0.0000000000000E+00     
               PFPLSN 2D3  0.0000000000000E+00  0.2969958004108E-04  0.1634773588201E-18  0.3833150731870E-18  0.2213690462683E-12     
               PFHPSL 2D1 -0.0000000000000E+00 -0.0000000000000E+00  0.0000000000000E+00  0.0000000000000E+00  0.0000000000000E+00     
               PFHPSN 2D3 -0.8418345962643E+02 -0.0000000000000E+00  0.4618527782441E-12  0.1086848871304E-11  0.2214387870504E-12     
       TENDENCY_LOC%A 2D3 -0.2777777777778E-03  0.2631309809623E-03  0.1785714859402E-16  0.2061769278672E-17  0.4516721216926E-12 !!!!
       TENDENCY_LOC%Q 2D1 -0.1997382404851E-07  0.1495580073796E-07  0.1806976048122E-20  0.8635302347580E-21  0.0000000000000E+00     
       TENDENCY_LOC%T 2D3 -0.4132200394167E-04  0.5435278446361E-04  0.5211793724456E-17  0.2774428055972E-17  0.1248525141960E-11 !!!!
     TENDENCY_LOC%CLD 3D1 -0.1222481036148E-07  0.9816546350973E-08  0.5053039566933E-21  0.3876041328172E-21  0.0000000000000E+00     
