cpu-bind=MASK - ault10, task  0  0 [2551773]: mask 0xffff000000000000ffff set
     NUMPROC=1, NUMOMP=32, NGPTOTG=65536, NPROMA=128, NGPBLKS=512
 Reference MFLOP count for 100 columns :  12.48232900
     NUMOMP    NGPTOT  #GP-cols     #BLKS    NPROMA tid# : Time(msec)  MFlops/s     col/s
         32     65536      1920        15       128    0 :        382       627    171554 @ rank#0:core#64
         32     65536      2048        16       128    1 :        377       677    173562 @ rank#0:core#0
         32     65536      2048        16       128    2 :        380       671    172201 @ rank#0:core#1
         32     65536      2176        17       128    3 :        391       693    167339 @ rank#0:core#65
         32     65536      2048        16       128    4 :        380       672    172420 @ rank#0:core#66
         32     65536      2048        16       128    5 :        377       676    173550 @ rank#0:core#2
         32     65536      2048        16       128    6 :        378       674    173019 @ rank#0:core#3
         32     65536      2176        17       128    7 :        390       695    167759 @ rank#0:core#67
         32     65536      2048        16       128    8 :        392       651    167110 @ rank#0:core#68
         32     65536      2048        16       128    9 :        389       656    168258 @ rank#0:core#4
         32     65536      1920        15       128   10 :        378       633    173318 @ rank#0:core#5
         32     65536      2048        16       128   11 :        386       660    169388 @ rank#0:core#69
         32     65536      2048        16       128   12 :        392       652    167162 @ rank#0:core#70
         32     65536      2048        16       128   13 :        389       657    168461 @ rank#0:core#6
         32     65536      2048        16       128   14 :        392       651    167110 @ rank#0:core#7
         32     65536      2048        16       128   15 :        389       656    168421 @ rank#0:core#71
         32     65536      2048        16       128   16 :        385       663    170203 @ rank#0:core#72
         32     65536      2048        16       128   17 :        389       656    168200 @ rank#0:core#8
         32     65536      2048        16       128   18 :        381       670    171937 @ rank#0:core#9
         32     65536      2048        16       128   19 :        387       660    169288 @ rank#0:core#73
         32     65536      2048        16       128   20 :        380       671    172087 @ rank#0:core#74
         32     65536      2048        16       128   21 :        386       660    169359 @ rank#0:core#10
         32     65536      2048        16       128   22 :        387       660    169326 @ rank#0:core#11
         32     65536      2048        16       128   23 :        383       666    170737 @ rank#0:core#75
         32     65536      2048        16       128   24 :        390       654    167803 @ rank#0:core#76
         32     65536      2048        16       128   25 :        390       655    167935 @ rank#0:core#12
         32     65536      2048        16       128   26 :        389       656    168306 @ rank#0:core#13
         32     65536      2048        16       128   27 :        385       663    170129 @ rank#0:core#77
         32     65536      2048        16       128   28 :        381       670    171929 @ rank#0:core#78
         32     65536      2048        16       128   29 :        383       666    170870 @ rank#0:core#14
         32     65536      2048        16       128   30 :        390       655    168020 @ rank#0:core#15
         32     65536      2048        16       128   31 :        387       659    169113 @ rank#0:core#79
         32     65536     65536       512       128   -1 :        392     20852    167052 : TOTAL @ rank#0
    1 x  32     65536     65536       512       128   -1 :        392     20852    167052 : TOTAL
             Variable Dim             MinValue             MaxValue            AbsMaxErr         AvgAbsErr/GP          MaxRelErr-%
                PLUDE 2D1  0.0000000000000E+00  0.1026720108982E-03  0.0000000000000E+00  0.0000000000000E+00  0.0000000000000E+00     
             PCOVPTOT 2D3  0.0000000000000E+00  0.1000000000000E+01  0.2442490654175E-14  0.1338342338090E-14  0.5022130491041E-14     
     PRAINFRAC_TOPRFZ 1D1  0.0000000000000E+00  0.0000000000000E+00  0.0000000000000E+00  0.0000000000000E+00  0.0000000000000E+00     
               PFSQLF 2D3 -0.2581756360096E-05  0.4080862802487E-05  0.1086849150446E-18  0.1945213015752E-18  0.1910388480940E-11 !!!!
               PFSQIF 2D3 -0.2810873821405E-05  0.3887836598167E-05  0.8343274530455E-19  0.1508672984074E-18  0.6732768283227E-12 !!!!
              PFCQLNG 2D1 -0.3555564290808E-07  0.1413389467871E-08  0.0000000000000E+00  0.0000000000000E+00  0.0000000000000E+00     
              PFCQNNG 2D1 -0.5285014021662E-06  0.8788562329576E-08  0.0000000000000E+00  0.0000000000000E+00  0.0000000000000E+00     
               PFSQRF 2D3 -0.2581756360096E-05  0.4080862802487E-05  0.1086849150446E-18  0.1858582377578E-18  0.1922091149529E-11 !!!!
               PFSQSF 2D3 -0.2768876986308E-05  0.3860349895496E-05  0.8216219588367E-19  0.1485114200940E-18  0.6665957274964E-12 !!!!
              PFCQRNG 2D1 -0.3555564290808E-07  0.1413389467871E-08  0.0000000000000E+00  0.0000000000000E+00  0.0000000000000E+00     
              PFCQSNG 2D1 -0.5285014021662E-06  0.8788562329576E-08  0.0000000000000E+00  0.0000000000000E+00  0.0000000000000E+00     
             PFSQLTUR 2D1 -0.8115949343062E-06  0.2653456385227E-06  0.0000000000000E+00  0.0000000000000E+00  0.0000000000000E+00     
             PFSQITUR 2D1 -0.2651690301090E-05  0.3864567769232E-06  0.0000000000000E+00  0.0000000000000E+00  0.0000000000000E+00     
               PFPLSL 2D1  0.0000000000000E+00  0.0000000000000E+00  0.0000000000000E+00  0.0000000000000E+00  0.0000000000000E+00     
               PFPLSN 2D3  0.0000000000000E+00  0.2969958004108E-04  0.1634773588201E-18  0.3833249833863E-18  0.2213728981017E-12     
               PFHPSL 2D1 -0.0000000000000E+00 -0.0000000000000E+00  0.0000000000000E+00  0.0000000000000E+00  0.0000000000000E+00     
               PFHPSN 2D3 -0.8418345962643E+02 -0.0000000000000E+00  0.4618527782441E-12  0.1086876711291E-11  0.2214425872620E-12     
       TENDENCY_LOC%A 2D3 -0.2777777777778E-03  0.2631309809623E-03  0.1785714859402E-16  0.2061980663381E-17  0.4517530629812E-12 !!!!
       TENDENCY_LOC%Q 2D1 -0.1997382404851E-07  0.1495580073796E-07  0.1806976048122E-20  0.8635680089311E-21  0.0000000000000E+00     
       TENDENCY_LOC%T 2D3 -0.4132200394167E-04  0.5435278446361E-04  0.5211793724456E-17  0.2774545663706E-17  0.1248503062446E-11 !!!!
     TENDENCY_LOC%CLD 3D1 -0.1222481036148E-07  0.9816546350973E-08  0.5053039566933E-21  0.3876335902896E-21  0.0000000000000E+00     
