cpu-bind=MASK - ault10, task  0  0 [2511643]: mask 0xffff000000000000ffff set
     NUMPROC=1, NUMOMP=32, NGPTOTG=4096, NPROMA=1, NGPBLKS=4096
 Reference MFLOP count for 100 columns :  12.48232900
     NUMOMP    NGPTOT  #GP-cols     #BLKS    NPROMA tid# : Time(msec)  MFlops/s     col/s
         32      4096       124       124         1    0 :         87       176     46697 @ rank#0:core#64
         32      4096       121       121         1    1 :         87       172     46772 @ rank#0:core#0
         32      4096       122       122         1    2 :         87       173     46558 @ rank#0:core#1
         32      4096       121       121         1    3 :         87       171     46630 @ rank#0:core#1
         32      4096       124       124         1    4 :         87       176     46785 @ rank#0:core#66
         32      4096       123       123         1    5 :         87       174     46651 @ rank#0:core#2
         32      4096       120       120         1    6 :         87       170     46691 @ rank#0:core#3
         32      4096       120       120         1    7 :         87       170     46747 @ rank#0:core#67
         32      4096       125       125         1    8 :         87       178     46795 @ rank#0:core#68
         32      4096       129       129         1    9 :         87       183     46644 @ rank#0:core#4
         32      4096       131       131         1   10 :         87       186     46803 @ rank#0:core#5
         32      4096       128       128         1   11 :         87       182     46801 @ rank#0:core#69
         32      4096       129       129         1   12 :         87       183     46689 @ rank#0:core#70
         32      4096       129       129         1   13 :         87       183     46785 @ rank#0:core#6
         32      4096       130       130         1   14 :         87       184     46687 @ rank#0:core#7
         32      4096       125       125         1   15 :         87       177     46715 @ rank#0:core#71
         32      4096       132       132         1   16 :         87       187     46597 @ rank#0:core#72
         32      4096       131       131         1   17 :         87       186     46609 @ rank#0:core#8
         32      4096       130       130         1   18 :         87       184     46576 @ rank#0:core#9
         32      4096       125       125         1   19 :         87       177     46626 @ rank#0:core#73
         32      4096       130       130         1   20 :         87       184     46686 @ rank#0:core#74
         32      4096       127       127         1   21 :         87       180     46720 @ rank#0:core#10
         32      4096       132       132         1   22 :         87       187     46670 @ rank#0:core#11
         32      4096       131       131         1   23 :         87       186     46691 @ rank#0:core#75
         32      4096       131       131         1   24 :         87       186     46669 @ rank#0:core#76
         32      4096       132       132         1   25 :         87       187     46623 @ rank#0:core#12
         32      4096       133       133         1   26 :         87       189     46701 @ rank#0:core#13
         32      4096       133       133         1   27 :         87       189     46719 @ rank#0:core#77
         32      4096       133       133         1   28 :         87       189     46734 @ rank#0:core#78
         32      4096       132       132         1   29 :         87       188     46737 @ rank#0:core#14
         32      4096       132       132         1   30 :         87       187     46658 @ rank#0:core#15
         32      4096       131       131         1   31 :         87       186     46673 @ rank#0:core#79
         32      4096      4096      4096         1   -1 :         88      5805     46512 : TOTAL @ rank#0
    1 x  32      4096      4096      4096         1   -1 :         88      5805     46512 : TOTAL
             Variable Dim             MinValue             MaxValue            AbsMaxErr         AvgAbsErr/GP          MaxRelErr-%
                PLUDE 2D1  0.0000000000000E+00  0.1026720108982E-03  0.0000000000000E+00  0.0000000000000E+00  0.0000000000000E+00     
             PCOVPTOT 2D1  0.0000000000000E+00  0.1000000000000E+01  0.0000000000000E+00  0.0000000000000E+00  0.0000000000000E+00     
     PRAINFRAC_TOPRFZ 1D1  0.0000000000000E+00  0.0000000000000E+00  0.0000000000000E+00  0.0000000000000E+00  0.0000000000000E+00     
               PFSQLF 2D1 -0.2581756360096E-05  0.4080862802487E-05  0.1323488980085E-20  0.2339398442651E-21  0.0000000000000E+00     
               PFSQIF 2D1 -0.2810873821405E-05  0.3887836598167E-05  0.6617444900424E-21  0.1677835706162E-21  0.0000000000000E+00     
              PFCQLNG 2D1 -0.3555564290808E-07  0.1413389467871E-08  0.0000000000000E+00  0.0000000000000E+00  0.0000000000000E+00     
              PFCQNNG 2D1 -0.5285014021662E-06  0.8788562329576E-08  0.0000000000000E+00  0.0000000000000E+00  0.0000000000000E+00     
               PFSQRF 2D1 -0.2581756360096E-05  0.4080862802487E-05  0.1323488980085E-20  0.2114185596187E-21  0.0000000000000E+00     
               PFSQSF 2D1 -0.2768876986308E-05  0.3860349895496E-05  0.6749793798433E-21  0.1670052615144E-21  0.0000000000000E+00     
              PFCQRNG 2D1 -0.3555564290808E-07  0.1413389467871E-08  0.0000000000000E+00  0.0000000000000E+00  0.0000000000000E+00     
              PFCQSNG 2D1 -0.5285014021662E-06  0.8788562329576E-08  0.0000000000000E+00  0.0000000000000E+00  0.0000000000000E+00     
             PFSQLTUR 2D1 -0.8115949343062E-06  0.2653456385227E-06  0.0000000000000E+00  0.0000000000000E+00  0.0000000000000E+00     
             PFSQITUR 2D1 -0.2651690301090E-05  0.3864567769232E-06  0.0000000000000E+00  0.0000000000000E+00  0.0000000000000E+00     
               PFPLSL 2D1  0.0000000000000E+00  0.0000000000000E+00  0.0000000000000E+00  0.0000000000000E+00  0.0000000000000E+00     
               PFPLSN 2D1  0.0000000000000E+00  0.2969958004108E-04  0.6776263578034E-20  0.1670284451898E-20  0.0000000000000E+00     
               PFHPSL 2D1 -0.0000000000000E+00 -0.0000000000000E+00  0.0000000000000E+00  0.0000000000000E+00  0.0000000000000E+00     
               PFHPSN 2D3 -0.8418345962643E+02 -0.0000000000000E+00  0.2131628207280E-13  0.4747504472880E-14  0.9682951000722E-15     
       TENDENCY_LOC%A 2D1 -0.2777777777778E-03  0.2631309809623E-03  0.3083199928006E-18  0.6943047100215E-20  0.0000000000000E+00     
       TENDENCY_LOC%Q 2D1 -0.1997382404851E-07  0.1495580073796E-07  0.1207683694327E-21  0.3624001755036E-23  0.0000000000000E+00     
       TENDENCY_LOC%T 2D1 -0.4132200394167E-04  0.5435278446361E-04  0.2964615315390E-18  0.2331847188388E-19  0.0000000000000E+00     
     TENDENCY_LOC%CLD 3D1 -0.1222481036148E-07  0.9816546350973E-08  0.2688336990797E-22  0.1144605027394E-23  0.0000000000000E+00     
