cpu-bind=MASK - ault10, task  0  0 [2520853]: mask 0xffff000000000000ffff set
     NUMPROC=1, NUMOMP=32, NGPTOTG=8192, NPROMA=4, NGPBLKS=2048
 Reference MFLOP count for 100 columns :  12.48232900
     NUMOMP    NGPTOT  #GP-cols     #BLKS    NPROMA tid# : Time(msec)  MFlops/s     col/s
         32      8192       248        62         4    0 :         60       515    136294 @ rank#0:core#64
         32      8192       252        63         4    1 :         60       523    136315 @ rank#0:core#0
         32      8192       256        64         4    2 :         59       538    138088 @ rank#0:core#1
         32      8192       256        64         4    3 :         60       530    136099 @ rank#0:core#1
         32      8192       256        64         4    4 :         60       525    134693 @ rank#0:core#66
         32      8192       260        65         4    5 :         60       535    135178 @ rank#0:core#2
         32      8192       252        63         4    6 :         60       518    135111 @ rank#0:core#3
         32      8192       252        63         4    7 :         60       519    135193 @ rank#0:core#67
         32      8192       252        63         4    8 :         60       523    136407 @ rank#0:core#68
         32      8192       260        65         4    9 :         60       539    136198 @ rank#0:core#4
         32      8192       256        64         4   10 :         60       528    135394 @ rank#0:core#5
         32      8192       260        65         4   11 :         60       538    136032 @ rank#0:core#69
         32      8192       256        64         4   12 :         59       532    136556 @ rank#0:core#70
         32      8192       256        64         4   13 :         60       531    136189 @ rank#0:core#6
         32      8192       256        64         4   14 :         60       530    136114 @ rank#0:core#7
         32      8192       252        63         4   15 :         60       522    136128 @ rank#0:core#71
         32      8192       260        65         4   16 :         60       537    135648 @ rank#0:core#72
         32      8192       256        64         4   17 :         60       531    136285 @ rank#0:core#8
         32      8192       256        64         4   18 :         60       526    135002 @ rank#0:core#9
         32      8192       256        64         4   19 :         60       530    135900 @ rank#0:core#73
         32      8192       256        64         4   20 :         60       531    136194 @ rank#0:core#74
         32      8192       252        63         4   21 :         60       523    136436 @ rank#0:core#10
         32      8192       256        64         4   22 :         60       525    134724 @ rank#0:core#11
         32      8192       256        64         4   23 :         60       525    134846 @ rank#0:core#75
         32      8192       256        64         4   24 :         60       531    136334 @ rank#0:core#76
         32      8192       256        64         4   25 :         60       531    136313 @ rank#0:core#12
         32      8192       256        64         4   26 :         60       527    135194 @ rank#0:core#13
         32      8192       260        65         4   27 :         60       534    134997 @ rank#0:core#77
         32      8192       256        64         4   28 :         60       527    135229 @ rank#0:core#78
         32      8192       260        65         4   29 :         59       540    136548 @ rank#0:core#14
         32      8192       260        65         4   30 :         60       535    135240 @ rank#0:core#15
         32      8192       260        65         4   31 :         60       534    134888 @ rank#0:core#79
         32      8192      8192      2048         4   -1 :         60     16788    134499 : TOTAL @ rank#0
    1 x  32      8192      8192      2048         4   -1 :         60     16788    134499 : TOTAL
             Variable Dim             MinValue             MaxValue            AbsMaxErr         AvgAbsErr/GP          MaxRelErr-%
                PLUDE 2D1  0.0000000000000E+00  0.1026720108982E-03  0.0000000000000E+00  0.0000000000000E+00  0.0000000000000E+00     
             PCOVPTOT 2D3  0.0000000000000E+00  0.1000000000000E+01  0.2442490654175E-14  0.1338932084779E-14  0.5023917654243E-14     
     PRAINFRAC_TOPRFZ 1D1  0.0000000000000E+00  0.0000000000000E+00  0.0000000000000E+00  0.0000000000000E+00  0.0000000000000E+00     
               PFSQLF 2D3 -0.2581756360096E-05  0.4080862802487E-05  0.1086849150446E-18  0.1944771780139E-18  0.1913342765312E-11 !!!!
               PFSQIF 2D3 -0.2810873821405E-05  0.3887836598167E-05  0.8343274530455E-19  0.1508481733102E-18  0.6730289603472E-12 !!!!
              PFCQLNG 2D1 -0.3555564290808E-07  0.1413389467871E-08  0.0000000000000E+00  0.0000000000000E+00  0.0000000000000E+00     
              PFCQNNG 2D1 -0.5285014021662E-06  0.8788562329576E-08  0.0000000000000E+00  0.0000000000000E+00  0.0000000000000E+00     
               PFSQRF 2D3 -0.2581756360096E-05  0.4080862802487E-05  0.1086849150446E-18  0.1858149401654E-18  0.1925035340517E-11 !!!!
               PFSQSF 2D3 -0.2768876986308E-05  0.3860349895496E-05  0.8216219588367E-19  0.1484928073494E-18  0.6663428660067E-12 !!!!
              PFCQRNG 2D1 -0.3555564290808E-07  0.1413389467871E-08  0.0000000000000E+00  0.0000000000000E+00  0.0000000000000E+00     
              PFCQSNG 2D1 -0.5285014021662E-06  0.8788562329576E-08  0.0000000000000E+00  0.0000000000000E+00  0.0000000000000E+00     
             PFSQLTUR 2D1 -0.8115949343062E-06  0.2653456385227E-06  0.0000000000000E+00  0.0000000000000E+00  0.0000000000000E+00     
             PFSQITUR 2D1 -0.2651690301090E-05  0.3864567769232E-06  0.0000000000000E+00  0.0000000000000E+00  0.0000000000000E+00     
               PFPLSL 2D1  0.0000000000000E+00  0.0000000000000E+00  0.0000000000000E+00  0.0000000000000E+00  0.0000000000000E+00     
               PFPLSN 2D3  0.0000000000000E+00  0.2969958004108E-04  0.1634773588201E-18  0.3833144424864E-18  0.2214218206021E-12     
               PFHPSL 2D1 -0.0000000000000E+00 -0.0000000000000E+00  0.0000000000000E+00  0.0000000000000E+00  0.0000000000000E+00     
               PFHPSN 2D3 -0.8418345962643E+02 -0.0000000000000E+00  0.4618527782441E-12  0.1086844658326E-11  0.2214910838747E-12     
       TENDENCY_LOC%A 2D3 -0.2777777777778E-03  0.2631309809623E-03  0.1785714859402E-16  0.2062614485325E-17  0.4518769356260E-12 !!!!
       TENDENCY_LOC%Q 2D1 -0.1997382404851E-07  0.1495580073796E-07  0.1806976048122E-20  0.8635158769719E-21  0.0000000000000E+00     
       TENDENCY_LOC%T 2D3 -0.4132200394167E-04  0.5435278446361E-04  0.5211793724456E-17  0.2774248118326E-17  0.1248762571266E-11 !!!!
     TENDENCY_LOC%CLD 3D1 -0.1222481036148E-07  0.9816546350973E-08  0.5053039566933E-21  0.3875623099068E-21  0.0000000000000E+00     
