cpu-bind=MASK - ault10, task  0  0 [2526639]: mask 0xffff000000000000ffff set
     NUMPROC=1, NUMOMP=32, NGPTOTG=8192, NPROMA=128, NGPBLKS=64
 Reference MFLOP count for 100 columns :  12.48232900
     NUMOMP    NGPTOT  #GP-cols     #BLKS    NPROMA tid# : Time(msec)  MFlops/s     col/s
         32      8192       256         2       128    0 :         61       521    133680 @ rank#0:core#64
         32      8192       256         2       128    1 :         64       497    127520 @ rank#0:core#0
         32      8192       256         2       128    2 :         63       504    129287 @ rank#0:core#65
         32      8192       256         2       128    3 :         63       504    129309 @ rank#0:core#1
         32      8192       256         2       128    4 :         63       501    128485 @ rank#0:core#66
         32      8192       256         2       128    5 :         64       498    127922 @ rank#0:core#2
         32      8192       256         2       128    6 :         64       497    127621 @ rank#0:core#3
         32      8192       256         2       128    7 :         63       507    129981 @ rank#0:core#67
         32      8192       256         2       128    8 :         65       490    125662 @ rank#0:core#68
         32      8192       256         2       128    9 :         64       492    126235 @ rank#0:core#4
         32      8192       256         2       128   10 :         65       490    125786 @ rank#0:core#5
         32      8192       256         2       128   11 :         64       492    126193 @ rank#0:core#69
         32      8192       256         2       128   12 :         65       489    125438 @ rank#0:core#70
         32      8192       256         2       128   13 :         65       491    125932 @ rank#0:core#6
         32      8192       256         2       128   14 :         64       498    127833 @ rank#0:core#7
         32      8192       256         2       128   15 :         65       487    124855 @ rank#0:core#71
         32      8192       256         2       128   16 :         61       519    133095 @ rank#0:core#72
         32      8192       256         2       128   17 :         61       516    132308 @ rank#0:core#8
         32      8192       256         2       128   18 :         61       519    133129 @ rank#0:core#9
         32      8192       256         2       128   19 :         61       518    132867 @ rank#0:core#73
         32      8192       256         2       128   20 :         61       517    132663 @ rank#0:core#74
         32      8192       256         2       128   21 :         61       515    132152 @ rank#0:core#10
         32      8192       256         2       128   22 :         62       512    131498 @ rank#0:core#11
         32      8192       256         2       128   23 :         62       511    131209 @ rank#0:core#75
         32      8192       256         2       128   24 :         61       522    133971 @ rank#0:core#76
         32      8192       256         2       128   25 :         61       522    133961 @ rank#0:core#12
         32      8192       256         2       128   26 :         61       518    132878 @ rank#0:core#13
         32      8192       256         2       128   27 :         60       530    135996 @ rank#0:core#77
         32      8192       256         2       128   28 :         61       517    132614 @ rank#0:core#78
         32      8192       256         2       128   29 :         60       528    135581 @ rank#0:core#14
         32      8192       256         2       128   30 :         61       519    133139 @ rank#0:core#15
         32      8192       256         2       128   31 :         61       520    133390 @ rank#0:core#79
         32      8192      8192        64       128   -1 :         65     15558    124641 : TOTAL @ rank#0
    1 x  32      8192      8192        64       128   -1 :         65     15558    124641 : TOTAL
             Variable Dim             MinValue             MaxValue            AbsMaxErr         AvgAbsErr/GP          MaxRelErr-%
                PLUDE 2D1  0.0000000000000E+00  0.1026720108982E-03  0.0000000000000E+00  0.0000000000000E+00  0.0000000000000E+00     
             PCOVPTOT 2D3  0.0000000000000E+00  0.1000000000000E+01  0.2442490654175E-14  0.1338932084779E-14  0.5023917654244E-14     
     PRAINFRAC_TOPRFZ 1D1  0.0000000000000E+00  0.0000000000000E+00  0.0000000000000E+00  0.0000000000000E+00  0.0000000000000E+00     
               PFSQLF 2D3 -0.2581756360096E-05  0.4080862802487E-05  0.1086849150446E-18  0.1944771780139E-18  0.1913342765312E-11 !!!!
               PFSQIF 2D3 -0.2810873821405E-05  0.3887836598167E-05  0.8343274530455E-19  0.1508481733102E-18  0.6730289603472E-12 !!!!
              PFCQLNG 2D1 -0.3555564290808E-07  0.1413389467871E-08  0.0000000000000E+00  0.0000000000000E+00  0.0000000000000E+00     
              PFCQNNG 2D1 -0.5285014021662E-06  0.8788562329576E-08  0.0000000000000E+00  0.0000000000000E+00  0.0000000000000E+00     
               PFSQRF 2D3 -0.2581756360096E-05  0.4080862802487E-05  0.1086849150446E-18  0.1858149401654E-18  0.1925035340517E-11 !!!!
               PFSQSF 2D3 -0.2768876986308E-05  0.3860349895496E-05  0.8216219588367E-19  0.1484928073494E-18  0.6663428660067E-12 !!!!
              PFCQRNG 2D1 -0.3555564290808E-07  0.1413389467871E-08  0.0000000000000E+00  0.0000000000000E+00  0.0000000000000E+00     
              PFCQSNG 2D1 -0.5285014021662E-06  0.8788562329576E-08  0.0000000000000E+00  0.0000000000000E+00  0.0000000000000E+00     
             PFSQLTUR 2D1 -0.8115949343062E-06  0.2653456385227E-06  0.0000000000000E+00  0.0000000000000E+00  0.0000000000000E+00     
             PFSQITUR 2D1 -0.2651690301090E-05  0.3864567769232E-06  0.0000000000000E+00  0.0000000000000E+00  0.0000000000000E+00     
               PFPLSL 2D1  0.0000000000000E+00  0.0000000000000E+00  0.0000000000000E+00  0.0000000000000E+00  0.0000000000000E+00     
               PFPLSN 2D3  0.0000000000000E+00  0.2969958004108E-04  0.1634773588201E-18  0.3833144424864E-18  0.2214218206021E-12     
               PFHPSL 2D1 -0.0000000000000E+00 -0.0000000000000E+00  0.0000000000000E+00  0.0000000000000E+00  0.0000000000000E+00     
               PFHPSN 2D3 -0.8418345962643E+02 -0.0000000000000E+00  0.4618527782441E-12  0.1086844658326E-11  0.2214910838747E-12     
       TENDENCY_LOC%A 2D3 -0.2777777777778E-03  0.2631309809623E-03  0.1785714859402E-16  0.2062614485325E-17  0.4518769356260E-12 !!!!
       TENDENCY_LOC%Q 2D1 -0.1997382404851E-07  0.1495580073796E-07  0.1806976048122E-20  0.8635158769719E-21  0.0000000000000E+00     
       TENDENCY_LOC%T 2D3 -0.4132200394167E-04  0.5435278446361E-04  0.5211793724456E-17  0.2774248118326E-17  0.1248762571266E-11 !!!!
     TENDENCY_LOC%CLD 3D1 -0.1222481036148E-07  0.9816546350973E-08  0.5053039566933E-21  0.3875623099068E-21  0.0000000000000E+00     
