cpu-bind=MASK - ault10, task  0  0 [2539821]: mask 0xffff000000000000ffff set
     NUMPROC=1, NUMOMP=32, NGPTOTG=32768, NPROMA=16, NGPBLKS=2048
 Reference MFLOP count for 100 columns :  12.48232900
     NUMOMP    NGPTOT  #GP-cols     #BLKS    NPROMA tid# : Time(msec)  MFlops/s     col/s
         32     32768      1008        63        16    0 :        164       764    199079 @ rank#0:core#64
         32     32768      1008        63        16    1 :        164       763    198969 @ rank#0:core#0
         32     32768       992        62        16    2 :        161       768    203478 @ rank#0:core#1
         32     32768      1008        63        16    3 :        162       772    201099 @ rank#0:core#1
         32     32768      1024        64        16    4 :        163       779    199878 @ rank#0:core#66
         32     32768      1008        63        16    5 :        163       767    199966 @ rank#0:core#2
         32     32768      1008        63        16    6 :        162       773    201454 @ rank#0:core#3
         32     32768      1008        63        16    7 :        164       767    199803 @ rank#0:core#67
         32     32768       992        62        16    8 :        162       761    201491 @ rank#0:core#68
         32     32768       992        62        16    9 :        163       757    200384 @ rank#0:core#4
         32     32768      1008        63        16   10 :        162       772    201197 @ rank#0:core#5
         32     32768       992        62        16   11 :        162       759    201072 @ rank#0:core#69
         32     32768       992        62        16   12 :        163       758    200626 @ rank#0:core#70
         32     32768      1008        63        16   13 :        164       764    199189 @ rank#0:core#6
         32     32768      1008        63        16   14 :        164       766    199556 @ rank#0:core#7
         32     32768       992        62        16   15 :        162       761    201417 @ rank#0:core#71
         32     32768      1024        64        16   16 :        162       784    201176 @ rank#0:core#72
         32     32768      1056        66        16   17 :        163       805    200228 @ rank#0:core#8
         32     32768      1024        64        16   18 :        164       778    199675 @ rank#0:core#9
         32     32768      1040        65        16   19 :        163       791    199838 @ rank#0:core#73
         32     32768      1040        65        16   20 :        162       797    201254 @ rank#0:core#74
         32     32768      1056        66        16   21 :        163       806    200604 @ rank#0:core#10
         32     32768      1040        65        16   22 :        162       797    201427 @ rank#0:core#11
         32     32768      1024        64        16   23 :        164       778    199705 @ rank#0:core#75
         32     32768      1056        66        16   24 :        163       804    199878 @ rank#0:core#76
         32     32768      1040        65        16   25 :        163       792    200021 @ rank#0:core#12
         32     32768      1040        65        16   26 :        163       792    200152 @ rank#0:core#13
         32     32768      1072        67        16   27 :        163       816    199837 @ rank#0:core#77
         32     32768      1056        66        16   28 :        163       805    200343 @ rank#0:core#78
         32     32768      1056        66        16   29 :        163       805    200173 @ rank#0:core#14
         32     32768      1056        66        16   30 :        163       804    200016 @ rank#0:core#15
         32     32768      1040        65        16   31 :        163       792    200136 @ rank#0:core#79
         32     32768     32768      2048        16   -1 :        164     24827    198897 : TOTAL @ rank#0
    1 x  32     32768     32768      2048        16   -1 :        164     24827    198897 : TOTAL
             Variable Dim             MinValue             MaxValue            AbsMaxErr         AvgAbsErr/GP          MaxRelErr-%
                PLUDE 2D1  0.0000000000000E+00  0.1026720108982E-03  0.0000000000000E+00  0.0000000000000E+00  0.0000000000000E+00     
             PCOVPTOT 2D3  0.0000000000000E+00  0.1000000000000E+01  0.2442490654175E-14  0.1338412430066E-14  0.5022496464021E-14     
     PRAINFRAC_TOPRFZ 1D1  0.0000000000000E+00  0.0000000000000E+00  0.0000000000000E+00  0.0000000000000E+00  0.0000000000000E+00     
               PFSQLF 2D3 -0.2581756360096E-05  0.4080862802487E-05  0.1086849150446E-18  0.1944399166502E-18  0.1910233572263E-11 !!!!
               PFSQIF 2D3 -0.2810873821405E-05  0.3887836598167E-05  0.8343274530455E-19  0.1508879372010E-18  0.6733997719582E-12 !!!!
              PFCQLNG 2D1 -0.3555564290808E-07  0.1413389467871E-08  0.0000000000000E+00  0.0000000000000E+00  0.0000000000000E+00     
              PFCQNNG 2D1 -0.5285014021662E-06  0.8788562329576E-08  0.0000000000000E+00  0.0000000000000E+00  0.0000000000000E+00     
               PFSQRF 2D3 -0.2581756360096E-05  0.4080862802487E-05  0.1086849150446E-18  0.1857804727577E-18  0.1921937795039E-11 !!!!
               PFSQSF 2D3 -0.2768876986308E-05  0.3860349895496E-05  0.8216219588367E-19  0.1485312296220E-18  0.6667169913732E-12 !!!!
              PFCQRNG 2D1 -0.3555564290808E-07  0.1413389467871E-08  0.0000000000000E+00  0.0000000000000E+00  0.0000000000000E+00     
              PFCQSNG 2D1 -0.5285014021662E-06  0.8788562329576E-08  0.0000000000000E+00  0.0000000000000E+00  0.0000000000000E+00     
             PFSQLTUR 2D1 -0.8115949343062E-06  0.2653456385227E-06  0.0000000000000E+00  0.0000000000000E+00  0.0000000000000E+00     
             PFSQITUR 2D1 -0.2651690301090E-05  0.3864567769232E-06  0.0000000000000E+00  0.0000000000000E+00  0.0000000000000E+00     
               PFPLSL 2D1  0.0000000000000E+00  0.0000000000000E+00  0.0000000000000E+00  0.0000000000000E+00  0.0000000000000E+00     
               PFPLSN 2D3  0.0000000000000E+00  0.2969958004108E-04  0.1634773588201E-18  0.3833587296267E-18  0.2214471953352E-12     
               PFHPSL 2D1 -0.0000000000000E+00 -0.0000000000000E+00  0.0000000000000E+00  0.0000000000000E+00  0.0000000000000E+00     
               PFHPSN 2D3 -0.8418345962643E+02 -0.0000000000000E+00  0.4618527782441E-12  0.1086972586023E-11  0.2215169467886E-12     
       TENDENCY_LOC%A 2D3 -0.2777777777778E-03  0.2631309809623E-03  0.1785714859402E-16  0.2061272233219E-17  0.4516133141713E-12 !!!!
       TENDENCY_LOC%Q 2D1 -0.1997382404851E-07  0.1495580073796E-07  0.1806976048122E-20  0.8636297329458E-21  0.0000000000000E+00     
       TENDENCY_LOC%T 2D3 -0.4132200394167E-04  0.5435278446361E-04  0.5211793724456E-17  0.2774665749429E-17  0.1248784487098E-11 !!!!
     TENDENCY_LOC%CLD 3D1 -0.1222481036148E-07  0.9816546350973E-08  0.5053039566933E-21  0.3876223463278E-21  0.0000000000000E+00     
