cpu-bind=MASK - ault10, task  0  0 [2557534]: mask 0xffff000000000000ffff set
     NUMPROC=1, NUMOMP=32, NGPTOTG=131072, NPROMA=32, NGPBLKS=4096
 Reference MFLOP count for 100 columns :  12.48232900
     NUMOMP    NGPTOT  #GP-cols     #BLKS    NPROMA tid# : Time(msec)  MFlops/s     col/s
         32    131072      3968       124        32    0 :       9826        50     13338 @ rank#0:core#64
         32    131072      4032       126        32    1 :       9848        51     13308 @ rank#0:core#0
         32    131072      4224       132        32    2 :       9826        53     13338 @ rank#0:core#1
         32    131072      4256       133        32    3 :       9826        54     13338 @ rank#0:core#1
         32    131072      4160       130        32    4 :       9850        52     13305 @ rank#0:core#66
         32    131072      4000       125        32    5 :       9831        50     13331 @ rank#0:core#2
         32    131072      4096       128        32    6 :       9854        51     13300 @ rank#0:core#3
         32    131072      4000       125        32    7 :       9850        50     13305 @ rank#0:core#67
         32    131072      4032       126        32    8 :       9831        51     13331 @ rank#0:core#4
         32    131072      4160       130        32    9 :       9826        52     13338 @ rank#0:core#68
         32    131072      4096       128        32   10 :       9826        52     13338 @ rank#0:core#5
         32    131072      4096       128        32   11 :       9826        52     13338 @ rank#0:core#69
         32    131072      4320       135        32   12 :       9858        54     13295 @ rank#0:core#6
         32    131072      4160       130        32   13 :       9852        52     13303 @ rank#0:core#70
         32    131072      4064       127        32   14 :       9859        51     13293 @ rank#0:core#71
         32    131072      4224       132        32   15 :       9877        53     13269 @ rank#0:core#7
         32    131072      4096       128        32   16 :       9851        51     13304 @ rank#0:core#72
         32    131072      3872       121        32   17 :       9826        49     13338 @ rank#0:core#8
         32    131072      3936       123        32   18 :       9856        49     13298 @ rank#0:core#9
         32    131072      4128       129        32   19 :       9826        52     13338 @ rank#0:core#73
         32    131072      4160       130        32   20 :       9833        52     13329 @ rank#0:core#74
         32    131072      4064       127        32   21 :       9881        51     13264 @ rank#0:core#10
         32    131072      4224       132        32   22 :       9829        53     13334 @ rank#0:core#75
         32    131072      4064       127        32   23 :       9831        51     13331 @ rank#0:core#11
         32    131072      3936       123        32   24 :       9875        49     13272 @ rank#0:core#76
         32    131072      4128       129        32   25 :       9826        52     13338 @ rank#0:core#12
         32    131072      4000       125        32   26 :       9828        50     13336 @ rank#0:core#13
         32    131072      4096       128        32   27 :       9844        51     13314 @ rank#0:core#77
         32    131072      4064       127        32   28 :       9828        51     13336 @ rank#0:core#14
         32    131072      4128       129        32   29 :       9826        52     13338 @ rank#0:core#78
         32    131072      4160       130        32   30 :       9858        52     13295 @ rank#0:core#79
         32    131072      4128       129        32   31 :       9826        52     13338 @ rank#0:core#15
         32    131072    131072      4096        32   -1 :       9881      1655     13264 : TOTAL @ rank#0
    1 x  32    131072    131072      4096        32   -1 :       9881      1655     13264 : TOTAL
             Variable Dim             MinValue             MaxValue            AbsMaxErr         AvgAbsErr/GP          MaxRelErr-%
                PLUDE 2D1  0.0000000000000E+00  0.1026720108982E-03  0.0000000000000E+00  0.0000000000000E+00  0.0000000000000E+00     
             PCOVPTOT 2D3  0.0000000000000E+00  0.1000000000000E+01  0.2442490654175E-14  0.1338535673360E-14  0.5022937188775E-14     
     PRAINFRAC_TOPRFZ 1D1  0.0000000000000E+00  0.0000000000000E+00  0.0000000000000E+00  0.0000000000000E+00  0.0000000000000E+00     
               PFSQLF 2D3 -0.2581756360096E-05  0.4080862802487E-05  0.1086849150446E-18  0.1944632938679E-18  0.1909904907141E-11 !!!!
               PFSQIF 2D3 -0.2810873821405E-05  0.3887836598167E-05  0.8343274530455E-19  0.1508647283941E-18  0.6732297736200E-12 !!!!
              PFCQLNG 2D1 -0.3555564290808E-07  0.1413389467871E-08  0.0000000000000E+00  0.0000000000000E+00  0.0000000000000E+00     
              PFCQNNG 2D1 -0.5285014021662E-06  0.8788562329576E-08  0.0000000000000E+00  0.0000000000000E+00  0.0000000000000E+00     
               PFSQRF 2D3 -0.2581756360096E-05  0.4080862802487E-05  0.1086849150446E-18  0.1858026272425E-18  0.1921605057655E-11 !!!!
               PFSQSF 2D3 -0.2768876986308E-05  0.3860349895496E-05  0.8216219588367E-19  0.1485086087578E-18  0.6665455864796E-12 !!!!
              PFCQRNG 2D1 -0.3555564290808E-07  0.1413389467871E-08  0.0000000000000E+00  0.0000000000000E+00  0.0000000000000E+00     
              PFCQSNG 2D1 -0.5285014021662E-06  0.8788562329576E-08  0.0000000000000E+00  0.0000000000000E+00  0.0000000000000E+00     
             PFSQLTUR 2D1 -0.8115949343062E-06  0.2653456385227E-06  0.0000000000000E+00  0.0000000000000E+00  0.0000000000000E+00     
             PFSQITUR 2D1 -0.2651690301090E-05  0.3864567769232E-06  0.0000000000000E+00  0.0000000000000E+00  0.0000000000000E+00     
               PFPLSL 2D1  0.0000000000000E+00  0.0000000000000E+00  0.0000000000000E+00  0.0000000000000E+00  0.0000000000000E+00     
               PFPLSN 2D3  0.0000000000000E+00  0.2969958004108E-04  0.1634773588201E-18  0.3833150731870E-18  0.2213690462683E-12     
               PFHPSL 2D1 -0.0000000000000E+00 -0.0000000000000E+00  0.0000000000000E+00  0.0000000000000E+00  0.0000000000000E+00     
               PFHPSN 2D3 -0.8418345962643E+02 -0.0000000000000E+00  0.4618527782441E-12  0.1086848871304E-11  0.2214387870504E-12     
       TENDENCY_LOC%A 2D3 -0.2777777777778E-03  0.2631309809623E-03  0.1785714859402E-16  0.2061769278672E-17  0.4516721216926E-12 !!!!
       TENDENCY_LOC%Q 2D1 -0.1997382404851E-07  0.1495580073796E-07  0.1806976048122E-20  0.8635302347580E-21  0.0000000000000E+00     
       TENDENCY_LOC%T 2D3 -0.4132200394167E-04  0.5435278446361E-04  0.5211793724456E-17  0.2774428055972E-17  0.1248525141960E-11 !!!!
     TENDENCY_LOC%CLD 3D1 -0.1222481036148E-07  0.9816546350973E-08  0.5053039566933E-21  0.3876041328172E-21  0.0000000000000E+00     
