cpu-bind=MASK - ault10, task  0  0 [2507095]: mask 0xff00000000000000ff set
     NUMPROC=1, NUMOMP=16, NGPTOTG=131072, NPROMA=8, NGPBLKS=16384
 Reference MFLOP count for 100 columns :  12.48232900
     NUMOMP    NGPTOT  #GP-cols     #BLKS    NPROMA tid# : Time(msec)  MFlops/s     col/s
         16    131072      8424      1053         8    0 :      17254        60      7596 @ rank#0:core#0
         16    131072      8440      1055         8    1 :      17257        61      7595 @ rank#0:core#64
         16    131072      8440      1055         8    2 :      17249        61      7598 @ rank#0:core#1
         16    131072      7440       930         8    3 :      17257        53      7595 @ rank#0:core#1
         16    131072      8472      1059         8    4 :      17257        61      7595 @ rank#0:core#66
         16    131072      8488      1061         8    5 :      17251        61      7597 @ rank#0:core#2
         16    131072      8512      1064         8    6 :      17253        61      7596 @ rank#0:core#3
         16    131072      8480      1060         8    7 :      17252        61      7597 @ rank#0:core#67
         16    131072      8496      1062         8    8 :      17250        61      7598 @ rank#0:core#68
         16    131072      7344       918         8    9 :      17256        53      7595 @ rank#0:core#4
         16    131072      8344      1043         8   10 :      17255        60      7596 @ rank#0:core#5
         16    131072      7288       911         8   11 :      17257        52      7595 @ rank#0:core#69
         16    131072      8472      1059         8   12 :      17257        61      7595 @ rank#0:core#70
         16    131072      8480      1060         8   13 :      17255        61      7595 @ rank#0:core#6
         16    131072      7480       935         8   14 :      17252        54      7597 @ rank#0:core#7
         16    131072      8472      1059         8   15 :      17258        61      7594 @ rank#0:core#71
         16    131072    131072     16384         8   -1 :      17258       948      7594 : TOTAL @ rank#0
    1 x  16    131072    131072     16384         8   -1 :      17258       948      7594 : TOTAL
             Variable Dim             MinValue             MaxValue            AbsMaxErr         AvgAbsErr/GP          MaxRelErr-%
                PLUDE 2D1  0.0000000000000E+00  0.1026720108982E-03  0.0000000000000E+00  0.0000000000000E+00  0.0000000000000E+00     
             PCOVPTOT 2D3  0.0000000000000E+00  0.1000000000000E+01  0.2442490654175E-14  0.1338535673360E-14  0.5022937188775E-14     
     PRAINFRAC_TOPRFZ 1D1  0.0000000000000E+00  0.0000000000000E+00  0.0000000000000E+00  0.0000000000000E+00  0.0000000000000E+00     
               PFSQLF 2D3 -0.2581756360096E-05  0.4080862802487E-05  0.1086849150446E-18  0.1944632938679E-18  0.1909904907141E-11 !!!!
               PFSQIF 2D3 -0.2810873821405E-05  0.3887836598167E-05  0.8343274530455E-19  0.1508647283941E-18  0.6732297736200E-12 !!!!
              PFCQLNG 2D1 -0.3555564290808E-07  0.1413389467871E-08  0.0000000000000E+00  0.0000000000000E+00  0.0000000000000E+00     
              PFCQNNG 2D1 -0.5285014021662E-06  0.8788562329576E-08  0.0000000000000E+00  0.0000000000000E+00  0.0000000000000E+00     
               PFSQRF 2D3 -0.2581756360096E-05  0.4080862802487E-05  0.1086849150446E-18  0.1858026272425E-18  0.1921605057655E-11 !!!!
               PFSQSF 2D3 -0.2768876986308E-05  0.3860349895496E-05  0.8216219588367E-19  0.1485086087578E-18  0.6665455864796E-12 !!!!
              PFCQRNG 2D1 -0.3555564290808E-07  0.1413389467871E-08  0.0000000000000E+00  0.0000000000000E+00  0.0000000000000E+00     
              PFCQSNG 2D1 -0.5285014021662E-06  0.8788562329576E-08  0.0000000000000E+00  0.0000000000000E+00  0.0000000000000E+00     
             PFSQLTUR 2D1 -0.8115949343062E-06  0.2653456385227E-06  0.0000000000000E+00  0.0000000000000E+00  0.0000000000000E+00     
             PFSQITUR 2D1 -0.2651690301090E-05  0.3864567769232E-06  0.0000000000000E+00  0.0000000000000E+00  0.0000000000000E+00     
               PFPLSL 2D1  0.0000000000000E+00  0.0000000000000E+00  0.0000000000000E+00  0.0000000000000E+00  0.0000000000000E+00     
               PFPLSN 2D3  0.0000000000000E+00  0.2969958004108E-04  0.1634773588201E-18  0.3833150731870E-18  0.2213690462683E-12     
               PFHPSL 2D1 -0.0000000000000E+00 -0.0000000000000E+00  0.0000000000000E+00  0.0000000000000E+00  0.0000000000000E+00     
               PFHPSN 2D3 -0.8418345962643E+02 -0.0000000000000E+00  0.4618527782441E-12  0.1086848871304E-11  0.2214387870504E-12     
       TENDENCY_LOC%A 2D3 -0.2777777777778E-03  0.2631309809623E-03  0.1785714859402E-16  0.2061769278672E-17  0.4516721216926E-12 !!!!
       TENDENCY_LOC%Q 2D1 -0.1997382404851E-07  0.1495580073796E-07  0.1806976048122E-20  0.8635302347580E-21  0.0000000000000E+00     
       TENDENCY_LOC%T 2D3 -0.4132200394167E-04  0.5435278446361E-04  0.5211793724456E-17  0.2774428055972E-17  0.1248525141960E-11 !!!!
     TENDENCY_LOC%CLD 3D1 -0.1222481036148E-07  0.9816546350973E-08  0.5053039566933E-21  0.3876041328172E-21  0.0000000000000E+00     
