cpu-bind=MASK - ault10, task  0  0 [2556348]: mask 0xffff000000000000ffff set
     NUMPROC=1, NUMOMP=32, NGPTOTG=131072, NPROMA=16, NGPBLKS=8192
 Reference MFLOP count for 100 columns :  12.48232900
     NUMOMP    NGPTOT  #GP-cols     #BLKS    NPROMA tid# : Time(msec)  MFlops/s     col/s
         32    131072      4192       262        16    0 :       8060        64     16260 @ rank#0:core#64
         32    131072      4048       253        16    1 :       8065        62     16251 @ rank#0:core#0
         32    131072      4048       253        16    2 :       8071        62     16239 @ rank#0:core#1
         32    131072      4032       252        16    3 :       8069        62     16242 @ rank#0:core#1
         32    131072      4064       254        16    4 :       8049        63     16283 @ rank#0:core#66
         32    131072      4144       259        16    5 :       8045        64     16292 @ rank#0:core#2
         32    131072      4176       261        16    6 :       8079        64     16221 @ rank#0:core#67
         32    131072      4160       260        16    7 :       8053        64     16276 @ rank#0:core#3
         32    131072      4096       256        16    8 :       8064        63     16252 @ rank#0:core#4
         32    131072      4160       260        16    9 :       8063        64     16254 @ rank#0:core#68
         32    131072      3968       248        16   10 :       8078        61     16224 @ rank#0:core#69
         32    131072      4000       250        16   11 :       8069        61     16242 @ rank#0:core#5
         32    131072      4032       252        16   12 :       8063        62     16255 @ rank#0:core#70
         32    131072      4144       259        16   13 :       8073        64     16234 @ rank#0:core#6
         32    131072      4112       257        16   14 :       8071        63     16239 @ rank#0:core#71
         32    131072      4096       256        16   15 :       8054        63     16272 @ rank#0:core#7
         32    131072      4048       253        16   16 :       8065        62     16250 @ rank#0:core#8
         32    131072      4144       259        16   17 :       8053        64     16274 @ rank#0:core#72
         32    131072      4080       255        16   18 :       8069        63     16242 @ rank#0:core#9
         32    131072      4176       261        16   19 :       8065        64     16250 @ rank#0:core#73
         32    131072      4096       256        16   20 :       8063        63     16255 @ rank#0:core#10
         32    131072      4080       255        16   21 :       8048        63     16286 @ rank#0:core#74
         32    131072      4080       255        16   22 :       8076        63     16228 @ rank#0:core#75
         32    131072      4096       256        16   23 :       8065        63     16250 @ rank#0:core#11
         32    131072      4096       256        16   24 :       8057        63     16267 @ rank#0:core#12
         32    131072      4112       257        16   25 :       8075        63     16230 @ rank#0:core#76
         32    131072      4128       258        16   26 :       8063        63     16254 @ rank#0:core#77
         32    131072      4032       252        16   27 :       8051        62     16279 @ rank#0:core#13
         32    131072      4064       254        16   28 :       8066        62     16249 @ rank#0:core#14
         32    131072      4144       259        16   29 :       8075        64     16230 @ rank#0:core#78
         32    131072      4176       261        16   30 :       8056        64     16268 @ rank#0:core#15
         32    131072      4048       253        16   31 :       8076        62     16229 @ rank#0:core#79
         32    131072    131072      8192        16   -1 :       8080      2024     16221 : TOTAL @ rank#0
    1 x  32    131072    131072      8192        16   -1 :       8080      2024     16221 : TOTAL
             Variable Dim             MinValue             MaxValue            AbsMaxErr         AvgAbsErr/GP          MaxRelErr-%
                PLUDE 2D1  0.0000000000000E+00  0.1026720108982E-03  0.0000000000000E+00  0.0000000000000E+00  0.0000000000000E+00     
             PCOVPTOT 2D3  0.0000000000000E+00  0.1000000000000E+01  0.2442490654175E-14  0.1338535673360E-14  0.5022937188775E-14     
     PRAINFRAC_TOPRFZ 1D1  0.0000000000000E+00  0.0000000000000E+00  0.0000000000000E+00  0.0000000000000E+00  0.0000000000000E+00     
               PFSQLF 2D3 -0.2581756360096E-05  0.4080862802487E-05  0.1086849150446E-18  0.1944632938679E-18  0.1909904907141E-11 !!!!
               PFSQIF 2D3 -0.2810873821405E-05  0.3887836598167E-05  0.8343274530455E-19  0.1508647283941E-18  0.6732297736200E-12 !!!!
              PFCQLNG 2D1 -0.3555564290808E-07  0.1413389467871E-08  0.0000000000000E+00  0.0000000000000E+00  0.0000000000000E+00     
              PFCQNNG 2D1 -0.5285014021662E-06  0.8788562329576E-08  0.0000000000000E+00  0.0000000000000E+00  0.0000000000000E+00     
               PFSQRF 2D3 -0.2581756360096E-05  0.4080862802487E-05  0.1086849150446E-18  0.1858026272425E-18  0.1921605057655E-11 !!!!
               PFSQSF 2D3 -0.2768876986308E-05  0.3860349895496E-05  0.8216219588367E-19  0.1485086087578E-18  0.6665455864796E-12 !!!!
              PFCQRNG 2D1 -0.3555564290808E-07  0.1413389467871E-08  0.0000000000000E+00  0.0000000000000E+00  0.0000000000000E+00     
              PFCQSNG 2D1 -0.5285014021662E-06  0.8788562329576E-08  0.0000000000000E+00  0.0000000000000E+00  0.0000000000000E+00     
             PFSQLTUR 2D1 -0.8115949343062E-06  0.2653456385227E-06  0.0000000000000E+00  0.0000000000000E+00  0.0000000000000E+00     
             PFSQITUR 2D1 -0.2651690301090E-05  0.3864567769232E-06  0.0000000000000E+00  0.0000000000000E+00  0.0000000000000E+00     
               PFPLSL 2D1  0.0000000000000E+00  0.0000000000000E+00  0.0000000000000E+00  0.0000000000000E+00  0.0000000000000E+00     
               PFPLSN 2D3  0.0000000000000E+00  0.2969958004108E-04  0.1634773588201E-18  0.3833150731870E-18  0.2213690462683E-12     
               PFHPSL 2D1 -0.0000000000000E+00 -0.0000000000000E+00  0.0000000000000E+00  0.0000000000000E+00  0.0000000000000E+00     
               PFHPSN 2D3 -0.8418345962643E+02 -0.0000000000000E+00  0.4618527782441E-12  0.1086848871304E-11  0.2214387870504E-12     
       TENDENCY_LOC%A 2D3 -0.2777777777778E-03  0.2631309809623E-03  0.1785714859402E-16  0.2061769278672E-17  0.4516721216926E-12 !!!!
       TENDENCY_LOC%Q 2D1 -0.1997382404851E-07  0.1495580073796E-07  0.1806976048122E-20  0.8635302347580E-21  0.0000000000000E+00     
       TENDENCY_LOC%T 2D3 -0.4132200394167E-04  0.5435278446361E-04  0.5211793724456E-17  0.2774428055972E-17  0.1248525141960E-11 !!!!
     TENDENCY_LOC%CLD 3D1 -0.1222481036148E-07  0.9816546350973E-08  0.5053039566933E-21  0.3876041328172E-21  0.0000000000000E+00     
