cpu-bind=MASK - ault10, task  0  0 [2531304]: mask 0xffff000000000000ffff set
     NUMPROC=1, NUMOMP=32, NGPTOTG=16384, NPROMA=16, NGPBLKS=1024
 Reference MFLOP count for 100 columns :  12.48232900
     NUMOMP    NGPTOT  #GP-cols     #BLKS    NPROMA tid# : Time(msec)  MFlops/s     col/s
         32     16384       512        32        16    0 :         88       724    185655 @ rank#0:core#64
         32     16384       496        31        16    1 :         89       694    183660 @ rank#0:core#0
         32     16384       496        31        16    2 :         86       716    189611 @ rank#0:core#1
         32     16384       512        32        16    3 :         88       724    185772 @ rank#0:core#1
         32     16384       512        32        16    4 :         90       709    181774 @ rank#0:core#66
         32     16384       496        31        16    5 :         89       692    183167 @ rank#0:core#2
         32     16384       496        31        16    6 :         88       702    185950 @ rank#0:core#3
         32     16384       512        32        16    7 :         89       712    182608 @ rank#0:core#67
         32     16384       496        31        16    8 :         88       696    184341 @ rank#0:core#68
         32     16384       496        31        16    9 :         88       696    184351 @ rank#0:core#4
         32     16384       496        31        16   10 :         89       692    183347 @ rank#0:core#5
         32     16384       512        32        16   11 :         89       716    183710 @ rank#0:core#69
         32     16384       496        31        16   12 :         89       688    182302 @ rank#0:core#70
         32     16384       496        31        16   13 :         89       694    183813 @ rank#0:core#6
         32     16384       496        31        16   14 :         89       693    183508 @ rank#0:core#7
         32     16384       496        31        16   15 :         89       694    183768 @ rank#0:core#71
         32     16384       544        34        16   16 :         89       758    183091 @ rank#0:core#72
         32     16384       528        33        16   17 :         89       736    183182 @ rank#0:core#8
         32     16384       496        31        16   18 :         88       701    185665 @ rank#0:core#9
         32     16384       528        33        16   19 :         88       741    184299 @ rank#0:core#73
         32     16384       528        33        16   20 :         88       748    186143 @ rank#0:core#74
         32     16384       512        32        16   21 :         88       726    186158 @ rank#0:core#10
         32     16384       528        33        16   22 :         89       738    183515 @ rank#0:core#11
         32     16384       528        33        16   23 :         88       748    186158 @ rank#0:core#75
         32     16384       528        33        16   24 :         88       743    184907 @ rank#0:core#76
         32     16384       528        33        16   25 :         88       742    184645 @ rank#0:core#12
         32     16384       528        33        16   26 :         89       734    182573 @ rank#0:core#13
         32     16384       512        32        16   27 :         88       725    185977 @ rank#0:core#77
         32     16384       528        33        16   28 :         88       747    185731 @ rank#0:core#78
         32     16384       528        33        16   29 :         89       738    183472 @ rank#0:core#14
         32     16384       512        32        16   30 :         89       717    183914 @ rank#0:core#15
         32     16384       512        32        16   31 :         88       723    185541 @ rank#0:core#79
         32     16384     16384      1024        16   -1 :         90     22664    181572 : TOTAL @ rank#0
    1 x  32     16384     16384      1024        16   -1 :         90     22664    181572 : TOTAL
             Variable Dim             MinValue             MaxValue            AbsMaxErr         AvgAbsErr/GP          MaxRelErr-%
                PLUDE 2D1  0.0000000000000E+00  0.1026720108982E-03  0.0000000000000E+00  0.0000000000000E+00  0.0000000000000E+00     
             PCOVPTOT 2D3  0.0000000000000E+00  0.1000000000000E+01  0.2442490654175E-14  0.1338011359966E-14  0.5020685483033E-14     
     PRAINFRAC_TOPRFZ 1D1  0.0000000000000E+00  0.0000000000000E+00  0.0000000000000E+00  0.0000000000000E+00  0.0000000000000E+00     
               PFSQLF 2D3 -0.2581756360096E-05  0.4080862802487E-05  0.1086849150446E-18  0.1944013506306E-18  0.1911172639918E-11 !!!!
               PFSQIF 2D3 -0.2810873821405E-05  0.3887836598167E-05  0.8343274530455E-19  0.1508943707971E-18  0.6731932814667E-12 !!!!
              PFCQLNG 2D1 -0.3555564290808E-07  0.1413389467871E-08  0.0000000000000E+00  0.0000000000000E+00  0.0000000000000E+00     
              PFCQNNG 2D1 -0.5285014021662E-06  0.8788562329576E-08  0.0000000000000E+00  0.0000000000000E+00  0.0000000000000E+00     
               PFSQRF 2D3 -0.2581756360096E-05  0.4080862802487E-05  0.1086849150446E-18  0.1857431000511E-18  0.1922865746361E-11 !!!!
               PFSQSF 2D3 -0.2768876986308E-05  0.3860349895496E-05  0.8216219588367E-19  0.1485387679977E-18  0.6665073822603E-12 !!!!
              PFCQRNG 2D1 -0.3555564290808E-07  0.1413389467871E-08  0.0000000000000E+00  0.0000000000000E+00  0.0000000000000E+00     
              PFCQSNG 2D1 -0.5285014021662E-06  0.8788562329576E-08  0.0000000000000E+00  0.0000000000000E+00  0.0000000000000E+00     
             PFSQLTUR 2D1 -0.8115949343062E-06  0.2653456385227E-06  0.0000000000000E+00  0.0000000000000E+00  0.0000000000000E+00     
             PFSQITUR 2D1 -0.2651690301090E-05  0.3864567769232E-06  0.0000000000000E+00  0.0000000000000E+00  0.0000000000000E+00     
               PFPLSL 2D1  0.0000000000000E+00  0.0000000000000E+00  0.0000000000000E+00  0.0000000000000E+00  0.0000000000000E+00     
               PFPLSN 2D3  0.0000000000000E+00  0.2969958004108E-04  0.1634773588201E-18  0.3833711721310E-18  0.2213881336957E-12     
               PFHPSL 2D1 -0.0000000000000E+00 -0.0000000000000E+00  0.0000000000000E+00  0.0000000000000E+00  0.0000000000000E+00     
               PFHPSN 2D3 -0.8418345962643E+02 -0.0000000000000E+00  0.4618527782441E-12  0.1087007276171E-11  0.2214577464993E-12     
       TENDENCY_LOC%A 2D3 -0.2777777777778E-03  0.2631309809623E-03  0.1785714859402E-16  0.2061038767448E-17  0.4515343292534E-12 !!!!
       TENDENCY_LOC%Q 2D1 -0.1997382404851E-07  0.1495580073796E-07  0.1806976048122E-20  0.8634990507167E-21  0.0000000000000E+00     
       TENDENCY_LOC%T 2D3 -0.4132200394167E-04  0.5435278446361E-04  0.5211793724456E-17  0.2774253622581E-17  0.1248663988880E-11 !!!!
     TENDENCY_LOC%CLD 3D1 -0.1222481036148E-07  0.9816546350973E-08  0.5053039566933E-21  0.3875591614177E-21  0.0000000000000E+00     
