cpu-bind=MASK - ault07, task  0  0 [1892981]: mask 0xffff000000000000ffff set
     NUMPROC=1, NUMOMP=32, NGPTOTG=131072, NPROMA=64, NGPBLKS=2048
 Reference MFLOP count for 100 columns :  12.48232900
     NUMOMP    NGPTOT  #GP-cols     #BLKS    NPROMA tid# : Time(msec)  MFlops/s     col/s
         32    131072      3648        57        64    0 :        679       670    192916 @ rank#0:core#64
         32    131072      4160        65        64    1 :        681       761    192299 @ rank#0:core#0
         32    131072      4096        64        64    2 :        677       754    193543 @ rank#0:core#65
         32    131072      4032        63        64    3 :        680       739    192667 @ rank#0:core#1
         32    131072      4096        64        64    4 :        684       746    191476 @ rank#0:core#66
         32    131072      4096        64        64    5 :        686       744    190809 @ rank#0:core#2
         32    131072      4096        64        64    6 :        683       747    191702 @ rank#0:core#3
         32    131072      4096        64        64    7 :        687       744    190741 @ rank#0:core#67
         32    131072      4096        64        64    8 :        684       746    191365 @ rank#0:core#68
         32    131072      4096        64        64    9 :        687       744    190779 @ rank#0:core#4
         32    131072      4032        63        64   10 :        684       735    191567 @ rank#0:core#5
         32    131072      4032        63        64   11 :        680       739    192561 @ rank#0:core#69
         32    131072      4032        63        64   12 :        685       734    191183 @ rank#0:core#70
         32    131072      4032        63        64   13 :        684       734    191386 @ rank#0:core#6
         32    131072      4032        63        64   14 :        684       734    191365 @ rank#0:core#7
         32    131072      4096        64        64   15 :        687       744    190785 @ rank#0:core#71
         32    131072      4032        63        64   16 :        680       739    192577 @ rank#0:core#72
         32    131072      4032        63        64   17 :        684       735    191622 @ rank#0:core#8
         32    131072      4096        64        64   18 :        681       750    192337 @ rank#0:core#9
         32    131072      4096        64        64   19 :        685       745    191175 @ rank#0:core#73
         32    131072      4160        65        64   20 :        686       756    191024 @ rank#0:core#74
         32    131072      4096        64        64   21 :        681       749    192217 @ rank#0:core#10
         32    131072      4096        64        64   22 :        684       747    191619 @ rank#0:core#11
         32    131072      4096        64        64   23 :        686       744    190926 @ rank#0:core#75
         32    131072      4160        65        64   24 :        684       758    191504 @ rank#0:core#76
         32    131072      4224        66        64   25 :        686       767    190894 @ rank#0:core#12
         32    131072      4224        66        64   26 :        684       770    191565 @ rank#0:core#13
         32    131072      4224        66        64   27 :        684       769    191365 @ rank#0:core#77
         32    131072      4224        66        64   28 :        686       767    190900 @ rank#0:core#78
         32    131072      4160        65        64   29 :        684       758    191403 @ rank#0:core#14
         32    131072      4160        65        64   30 :        682       761    192119 @ rank#0:core#15
         32    131072      4224        66        64   31 :        685       769    191197 @ rank#0:core#79
         32    131072    131072      2048        64   -1 :        687     23804    190706 : TOTAL @ rank#0
    1 x  32    131072    131072      2048        64   -1 :        687     23804    190706 : TOTAL
             Variable Dim             MinValue             MaxValue            AbsMaxErr         AvgAbsErr/GP          MaxRelErr-%
                PLUDE 2D1  0.0000000000000E+00  0.1026720108982E-03  0.0000000000000E+00  0.0000000000000E+00  0.0000000000000E+00     
             PCOVPTOT 2D3  0.0000000000000E+00  0.1000000000000E+01  0.2442490654175E-14  0.1338535673360E-14  0.5022937188775E-14     
     PRAINFRAC_TOPRFZ 1D1  0.0000000000000E+00  0.0000000000000E+00  0.0000000000000E+00  0.0000000000000E+00  0.0000000000000E+00     
               PFSQLF 2D3 -0.2581756360096E-05  0.4080862802487E-05  0.1086849150446E-18  0.1944632938679E-18  0.1909904907141E-11 !!!!
               PFSQIF 2D3 -0.2810873821405E-05  0.3887836598167E-05  0.8343274530455E-19  0.1508647283941E-18  0.6732297736200E-12 !!!!
              PFCQLNG 2D1 -0.3555564290808E-07  0.1413389467871E-08  0.0000000000000E+00  0.0000000000000E+00  0.0000000000000E+00     
              PFCQNNG 2D1 -0.5285014021662E-06  0.8788562329576E-08  0.0000000000000E+00  0.0000000000000E+00  0.0000000000000E+00     
               PFSQRF 2D3 -0.2581756360096E-05  0.4080862802487E-05  0.1086849150446E-18  0.1858026272425E-18  0.1921605057655E-11 !!!!
               PFSQSF 2D3 -0.2768876986308E-05  0.3860349895496E-05  0.8216219588367E-19  0.1485086087578E-18  0.6665455864796E-12 !!!!
              PFCQRNG 2D1 -0.3555564290808E-07  0.1413389467871E-08  0.0000000000000E+00  0.0000000000000E+00  0.0000000000000E+00     
              PFCQSNG 2D1 -0.5285014021662E-06  0.8788562329576E-08  0.0000000000000E+00  0.0000000000000E+00  0.0000000000000E+00     
             PFSQLTUR 2D1 -0.8115949343062E-06  0.2653456385227E-06  0.0000000000000E+00  0.0000000000000E+00  0.0000000000000E+00     
             PFSQITUR 2D1 -0.2651690301090E-05  0.3864567769232E-06  0.0000000000000E+00  0.0000000000000E+00  0.0000000000000E+00     
               PFPLSL 2D1  0.0000000000000E+00  0.0000000000000E+00  0.0000000000000E+00  0.0000000000000E+00  0.0000000000000E+00     
               PFPLSN 2D3  0.0000000000000E+00  0.2969958004108E-04  0.1634773588201E-18  0.3833150731870E-18  0.2213690462683E-12     
               PFHPSL 2D1 -0.0000000000000E+00 -0.0000000000000E+00  0.0000000000000E+00  0.0000000000000E+00  0.0000000000000E+00     
               PFHPSN 2D3 -0.8418345962643E+02 -0.0000000000000E+00  0.4618527782441E-12  0.1086848871304E-11  0.2214387870504E-12     
       TENDENCY_LOC%A 2D3 -0.2777777777778E-03  0.2631309809623E-03  0.1785714859402E-16  0.2061769278672E-17  0.4516721216926E-12 !!!!
       TENDENCY_LOC%Q 2D1 -0.1997382404851E-07  0.1495580073796E-07  0.1806976048122E-20  0.8635302347580E-21  0.0000000000000E+00     
       TENDENCY_LOC%T 2D3 -0.4132200394167E-04  0.5435278446361E-04  0.5211793724456E-17  0.2774428055972E-17  0.1248525141960E-11 !!!!
     TENDENCY_LOC%CLD 3D1 -0.1222481036148E-07  0.9816546350973E-08  0.5053039566933E-21  0.3876041328172E-21  0.0000000000000E+00     
