cpu-bind=MASK - ault10, task  0  0 [2512648]: mask 0xffff000000000000ffff set
     NUMPROC=1, NUMOMP=32, NGPTOTG=4096, NPROMA=4, NGPBLKS=1024
 Reference MFLOP count for 100 columns :  12.48232900
     NUMOMP    NGPTOT  #GP-cols     #BLKS    NPROMA tid# : Time(msec)  MFlops/s     col/s
         32      4096       128        32         4    0 :         33       481    123318 @ rank#0:core#0
         32      4096       120        30         4    1 :         33       451    123367 @ rank#0:core#64
         32      4096       128        32         4    2 :         33       479    122965 @ rank#0:core#1
         32      4096       128        32         4    3 :         31       504    129326 @ rank#0:core#1
         32      4096       124        31         4    4 :         33       466    123371 @ rank#0:core#2
         32      4096       128        32         4    5 :         33       477    122402 @ rank#0:core#66
         32      4096       128        32         4    6 :         33       478    122552 @ rank#0:core#67
         32      4096       128        32         4    7 :         33       477    122506 @ rank#0:core#3
         32      4096       128        32         4    8 :         33       478    122622 @ rank#0:core#4
         32      4096       128        32         4    9 :         33       477    122384 @ rank#0:core#68
         32      4096       132        33         4   10 :         33       491    122077 @ rank#0:core#69
         32      4096       128        32         4   11 :         33       479    122928 @ rank#0:core#5
         32      4096       128        32         4   12 :         33       480    123298 @ rank#0:core#6
         32      4096       128        32         4   13 :         33       479    122844 @ rank#0:core#70
         32      4096       128        32         4   14 :         33       480    123216 @ rank#0:core#71
         32      4096       132        33         4   15 :         33       491    122060 @ rank#0:core#7
         32      4096       128        32         4   16 :         33       477    122462 @ rank#0:core#8
         32      4096       128        32         4   17 :         33       477    122508 @ rank#0:core#72
         32      4096       124        31         4   18 :         33       468    123860 @ rank#0:core#73
         32      4096       128        32         4   19 :         33       479    122992 @ rank#0:core#9
         32      4096       132        33         4   20 :         33       490    121854 @ rank#0:core#10
         32      4096       128        32         4   21 :         33       474    121710 @ rank#0:core#74
         32      4096       128        32         4   22 :         33       478    122609 @ rank#0:core#75
         32      4096       132        33         4   23 :         33       494    122817 @ rank#0:core#11
         32      4096       128        32         4   24 :         33       476    122175 @ rank#0:core#12
         32      4096       128        32         4   25 :         33       477    122357 @ rank#0:core#76
         32      4096       128        32         4   26 :         33       477    122319 @ rank#0:core#77
         32      4096       128        32         4   27 :         33       477    122338 @ rank#0:core#13
         32      4096       128        32         4   28 :         33       476    122051 @ rank#0:core#14
         32      4096       128        32         4   29 :         33       475    122020 @ rank#0:core#78
         32      4096       128        32         4   30 :         33       476    122249 @ rank#0:core#79
         32      4096       128        32         4   31 :         33       476    122115 @ rank#0:core#15
         32      4096      4096      1024         4   -1 :         33     15114    121088 : TOTAL @ rank#0
    1 x  32      4096      4096      1024         4   -1 :         33     15114    121088 : TOTAL
             Variable Dim             MinValue             MaxValue            AbsMaxErr         AvgAbsErr/GP          MaxRelErr-%
                PLUDE 2D1  0.0000000000000E+00  0.1026720108982E-03  0.0000000000000E+00  0.0000000000000E+00  0.0000000000000E+00     
             PCOVPTOT 2D3  0.0000000000000E+00  0.1000000000000E+01  0.2442490654175E-14  0.1339806222781E-14  0.5027618877978E-14     
     PRAINFRAC_TOPRFZ 1D1  0.0000000000000E+00  0.0000000000000E+00  0.0000000000000E+00  0.0000000000000E+00  0.0000000000000E+00     
               PFSQLF 2D3 -0.2581756360096E-05  0.4080862802487E-05  0.1086849150446E-18  0.1945816519754E-18  0.1917122827773E-11 !!!!
               PFSQIF 2D3 -0.2810873821405E-05  0.3887836598167E-05  0.8343274530455E-19  0.1508378148723E-18  0.6730782683958E-12 !!!!
              PFCQLNG 2D1 -0.3555564290808E-07  0.1413389467871E-08  0.0000000000000E+00  0.0000000000000E+00  0.0000000000000E+00     
              PFCQNNG 2D1 -0.5285014021662E-06  0.8788562329576E-08  0.0000000000000E+00  0.0000000000000E+00  0.0000000000000E+00     
               PFSQRF 2D3 -0.2581756360096E-05  0.4080862802487E-05  0.1086849150446E-18  0.1859133395192E-18  0.1928835385239E-11 !!!!
               PFSQSF 2D3 -0.2768876986308E-05  0.3860349895496E-05  0.8216219588367E-19  0.1484802711537E-18  0.6663866322688E-12 !!!!
              PFCQRNG 2D1 -0.3555564290808E-07  0.1413389467871E-08  0.0000000000000E+00  0.0000000000000E+00  0.0000000000000E+00     
              PFCQSNG 2D1 -0.5285014021662E-06  0.8788562329576E-08  0.0000000000000E+00  0.0000000000000E+00  0.0000000000000E+00     
             PFSQLTUR 2D1 -0.8115949343062E-06  0.2653456385227E-06  0.0000000000000E+00  0.0000000000000E+00  0.0000000000000E+00     
             PFSQITUR 2D1 -0.2651690301090E-05  0.3864567769232E-06  0.0000000000000E+00  0.0000000000000E+00  0.0000000000000E+00     
               PFPLSL 2D1  0.0000000000000E+00  0.0000000000000E+00  0.0000000000000E+00  0.0000000000000E+00  0.0000000000000E+00     
               PFPLSN 2D3  0.0000000000000E+00  0.2969958004108E-04  0.1634773588201E-18  0.3831902338945E-18  0.2215303557379E-12     
               PFHPSL 2D1 -0.0000000000000E+00 -0.0000000000000E+00  0.0000000000000E+00  0.0000000000000E+00  0.0000000000000E+00     
               PFHPSN 2D3 -0.8418345962643E+02 -0.0000000000000E+00  0.4618527782441E-12  0.1086489201452E-11  0.2215989844891E-12     
       TENDENCY_LOC%A 2D3 -0.2777777777778E-03  0.2631309809623E-03  0.1785714859402E-16  0.2061903898405E-17  0.4518001433379E-12 !!!!
       TENDENCY_LOC%Q 2D1 -0.1997382404851E-07  0.1495580073796E-07  0.1806976048122E-20  0.8634499282002E-21  0.0000000000000E+00     
       TENDENCY_LOC%T 2D3 -0.4132200394167E-04  0.5435278446361E-04  0.5211793724456E-17  0.2773820527241E-17  0.1249058259006E-11 !!!!
     TENDENCY_LOC%CLD 3D1 -0.1222481036148E-07  0.9816546350973E-08  0.5053039566933E-21  0.3875159137737E-21  0.0000000000000E+00     
