cpu-bind=MASK - ault07, task  0  0 [1893751]: mask 0xffff000000000000ffff set
     NUMPROC=1, NUMOMP=32, NGPTOTG=131072, NPROMA=128, NGPBLKS=1024
 Reference MFLOP count for 100 columns :  12.48232900
     NUMOMP    NGPTOT  #GP-cols     #BLKS    NPROMA tid# : Time(msec)  MFlops/s     col/s
         32    131072      3840        30       128    0 :        729       657    179703 @ rank#0:core#64
         32    131072      4096        32       128    1 :        723       706    181073 @ rank#0:core#0
         32    131072      4096        32       128    2 :        731       698    179060 @ rank#0:core#1
         32    131072      4096        32       128    3 :        734       695    178385 @ rank#0:core#1
         32    131072      4096        32       128    4 :        734       696    178477 @ rank#0:core#66
         32    131072      4096        32       128    5 :        729       700    179555 @ rank#0:core#2
         32    131072      4096        32       128    6 :        731       699    179210 @ rank#0:core#3
         32    131072      4096        32       128    7 :        723       706    181056 @ rank#0:core#67
         32    131072      4096        32       128    8 :        730       699    179391 @ rank#0:core#68
         32    131072      4096        32       128    9 :        720       709    181986 @ rank#0:core#4
         32    131072      4096        32       128   10 :        732       698    179003 @ rank#0:core#5
         32    131072      4096        32       128   11 :        729       700    179590 @ rank#0:core#69
         32    131072      4096        32       128   12 :        732       697    178832 @ rank#0:core#70
         32    131072      4096        32       128   13 :        720       709    181794 @ rank#0:core#6
         32    131072      3968        31       128   14 :        718       689    182510 @ rank#0:core#7
         32    131072      4096        32       128   15 :        728       701    179911 @ rank#0:core#71
         32    131072      4224        33       128   16 :        727       725    180281 @ rank#0:core#72
         32    131072      4224        33       128   17 :        732       719    178917 @ rank#0:core#8
         32    131072      4224        33       128   18 :        725       727    180770 @ rank#0:core#9
         32    131072      4224        33       128   19 :        728       723    179948 @ rank#0:core#73
         32    131072      4224        33       128   20 :        721       730    181626 @ rank#0:core#74
         32    131072      4224        33       128   21 :        725       726    180593 @ rank#0:core#10
         32    131072      4224        33       128   22 :        728       723    179952 @ rank#0:core#11
         32    131072      4224        33       128   23 :        731       720    179200 @ rank#0:core#75
         32    131072      3968        31       128   24 :        718       689    182460 @ rank#0:core#76
         32    131072      3968        31       128   25 :        723       684    181218 @ rank#0:core#12
         32    131072      4096        32       128   26 :        733       697    178716 @ rank#0:core#13
         32    131072      3968        31       128   27 :        724       683    180856 @ rank#0:core#77
         32    131072      3968        31       128   28 :        720       687    181903 @ rank#0:core#78
         32    131072      4096        32       128   29 :        730       699    179439 @ rank#0:core#14
         32    131072      3968        31       128   30 :        721       686    181587 @ rank#0:core#15
         32    131072      4096        32       128   31 :        733       697    178735 @ rank#0:core#79
         32    131072    131072      1024       128   -1 :        734     22262    178353 : TOTAL @ rank#0
    1 x  32    131072    131072      1024       128   -1 :        734     22262    178353 : TOTAL
             Variable Dim             MinValue             MaxValue            AbsMaxErr         AvgAbsErr/GP          MaxRelErr-%
                PLUDE 2D1  0.0000000000000E+00  0.1026720108982E-03  0.0000000000000E+00  0.0000000000000E+00  0.0000000000000E+00     
             PCOVPTOT 2D3  0.0000000000000E+00  0.1000000000000E+01  0.2442490654175E-14  0.1338535673360E-14  0.5022937188775E-14     
     PRAINFRAC_TOPRFZ 1D1  0.0000000000000E+00  0.0000000000000E+00  0.0000000000000E+00  0.0000000000000E+00  0.0000000000000E+00     
               PFSQLF 2D3 -0.2581756360096E-05  0.4080862802487E-05  0.1086849150446E-18  0.1944632938679E-18  0.1909904907141E-11 !!!!
               PFSQIF 2D3 -0.2810873821405E-05  0.3887836598167E-05  0.8343274530455E-19  0.1508647283941E-18  0.6732297736200E-12 !!!!
              PFCQLNG 2D1 -0.3555564290808E-07  0.1413389467871E-08  0.0000000000000E+00  0.0000000000000E+00  0.0000000000000E+00     
              PFCQNNG 2D1 -0.5285014021662E-06  0.8788562329576E-08  0.0000000000000E+00  0.0000000000000E+00  0.0000000000000E+00     
               PFSQRF 2D3 -0.2581756360096E-05  0.4080862802487E-05  0.1086849150446E-18  0.1858026272425E-18  0.1921605057655E-11 !!!!
               PFSQSF 2D3 -0.2768876986308E-05  0.3860349895496E-05  0.8216219588367E-19  0.1485086087578E-18  0.6665455864796E-12 !!!!
              PFCQRNG 2D1 -0.3555564290808E-07  0.1413389467871E-08  0.0000000000000E+00  0.0000000000000E+00  0.0000000000000E+00     
              PFCQSNG 2D1 -0.5285014021662E-06  0.8788562329576E-08  0.0000000000000E+00  0.0000000000000E+00  0.0000000000000E+00     
             PFSQLTUR 2D1 -0.8115949343062E-06  0.2653456385227E-06  0.0000000000000E+00  0.0000000000000E+00  0.0000000000000E+00     
             PFSQITUR 2D1 -0.2651690301090E-05  0.3864567769232E-06  0.0000000000000E+00  0.0000000000000E+00  0.0000000000000E+00     
               PFPLSL 2D1  0.0000000000000E+00  0.0000000000000E+00  0.0000000000000E+00  0.0000000000000E+00  0.0000000000000E+00     
               PFPLSN 2D3  0.0000000000000E+00  0.2969958004108E-04  0.1634773588201E-18  0.3833150731870E-18  0.2213690462683E-12     
               PFHPSL 2D1 -0.0000000000000E+00 -0.0000000000000E+00  0.0000000000000E+00  0.0000000000000E+00  0.0000000000000E+00     
               PFHPSN 2D3 -0.8418345962643E+02 -0.0000000000000E+00  0.4618527782441E-12  0.1086848871304E-11  0.2214387870504E-12     
       TENDENCY_LOC%A 2D3 -0.2777777777778E-03  0.2631309809623E-03  0.1785714859402E-16  0.2061769278672E-17  0.4516721216926E-12 !!!!
       TENDENCY_LOC%Q 2D1 -0.1997382404851E-07  0.1495580073796E-07  0.1806976048122E-20  0.8635302347580E-21  0.0000000000000E+00     
       TENDENCY_LOC%T 2D3 -0.4132200394167E-04  0.5435278446361E-04  0.5211793724456E-17  0.2774428055972E-17  0.1248525141960E-11 !!!!
     TENDENCY_LOC%CLD 3D1 -0.1222481036148E-07  0.9816546350973E-08  0.5053039566933E-21  0.3876041328172E-21  0.0000000000000E+00     
