cpu-bind=MASK - ault10, task  0  0 [2545024]: mask 0xffff000000000000ffff set
     NUMPROC=1, NUMOMP=32, NGPTOTG=65536, NPROMA=1, NGPBLKS=65536
 Reference MFLOP count for 100 columns :  12.48232900
     NUMOMP    NGPTOT  #GP-cols     #BLKS    NPROMA tid# : Time(msec)  MFlops/s     col/s
         32     65536      2038      2038         1    0 :       1502       169     43626 @ rank#0:core#64
         32     65536      2046      2046         1    1 :       1502       169     43619 @ rank#0:core#0
         32     65536      2044      2044         1    2 :       1502       169     43623 @ rank#0:core#1
         32     65536      2048      2048         1    3 :       1502       170     43623 @ rank#0:core#1
         32     65536      2056      2056         1    4 :       1502       170     43625 @ rank#0:core#66
         32     65536      2049      2049         1    5 :       1502       170     43624 @ rank#0:core#2
         32     65536      2053      2053         1    6 :       1502       170     43615 @ rank#0:core#3
         32     65536      2046      2046         1    7 :       1502       169     43617 @ rank#0:core#67
         32     65536      2068      2068         1    8 :       1502       171     43625 @ rank#0:core#68
         32     65536      2077      2077         1    9 :       1502       172     43617 @ rank#0:core#4
         32     65536      2071      2071         1   10 :       1502       172     43623 @ rank#0:core#5
         32     65536      2072      2072         1   11 :       1502       172     43615 @ rank#0:core#69
         32     65536      2073      2073         1   12 :       1502       172     43618 @ rank#0:core#70
         32     65536      2074      2074         1   13 :       1502       172     43625 @ rank#0:core#6
         32     65536      2075      2075         1   14 :       1502       172     43626 @ rank#0:core#7
         32     65536      2076      2076         1   15 :       1502       172     43626 @ rank#0:core#71
         32     65536      2026      2026         1   16 :       1502       168     43617 @ rank#0:core#72
         32     65536      2032      2032         1   17 :       1502       168     43619 @ rank#0:core#8
         32     65536      2028      2028         1   18 :       1502       168     43618 @ rank#0:core#9
         32     65536      2027      2027         1   19 :       1502       168     43615 @ rank#0:core#73
         32     65536      2030      2030         1   20 :       1502       168     43624 @ rank#0:core#74
         32     65536      2028      2028         1   21 :       1502       168     43615 @ rank#0:core#10
         32     65536      2025      2025         1   22 :       1502       168     43613 @ rank#0:core#11
         32     65536      2026      2026         1   23 :       1502       168     43618 @ rank#0:core#75
         32     65536      2042      2042         1   24 :       1502       169     43611 @ rank#0:core#76
         32     65536      2046      2046         1   25 :       1502       169     43612 @ rank#0:core#12
         32     65536      2045      2045         1   26 :       1502       169     43624 @ rank#0:core#13
         32     65536      2048      2048         1   27 :       1502       170     43624 @ rank#0:core#77
         32     65536      2040      2040         1   28 :       1502       169     43626 @ rank#0:core#78
         32     65536      2040      2040         1   29 :       1502       169     43615 @ rank#0:core#14
         32     65536      2042      2042         1   30 :       1502       169     43626 @ rank#0:core#15
         32     65536      2045      2045         1   31 :       1502       169     43626 @ rank#0:core#79
         32     65536     65536     65536         1   -1 :       1502      5443     43609 : TOTAL @ rank#0
    1 x  32     65536     65536     65536         1   -1 :       1502      5443     43609 : TOTAL
             Variable Dim             MinValue             MaxValue            AbsMaxErr         AvgAbsErr/GP          MaxRelErr-%
                PLUDE 2D1  0.0000000000000E+00  0.1026720108982E-03  0.0000000000000E+00  0.0000000000000E+00  0.0000000000000E+00     
             PCOVPTOT 2D1  0.0000000000000E+00  0.1000000000000E+01  0.0000000000000E+00  0.0000000000000E+00  0.0000000000000E+00     
     PRAINFRAC_TOPRFZ 1D1  0.0000000000000E+00  0.0000000000000E+00  0.0000000000000E+00  0.0000000000000E+00  0.0000000000000E+00     
               PFSQLF 2D1 -0.2581756360096E-05  0.4080862802487E-05  0.1323488980085E-20  0.2336878126723E-21  0.0000000000000E+00     
               PFSQIF 2D1 -0.2810873821405E-05  0.3887836598167E-05  0.6617444900424E-21  0.1676280703545E-21  0.0000000000000E+00     
              PFCQLNG 2D1 -0.3555564290808E-07  0.1413389467871E-08  0.0000000000000E+00  0.0000000000000E+00  0.0000000000000E+00     
              PFCQNNG 2D1 -0.5285014021662E-06  0.8788562329576E-08  0.0000000000000E+00  0.0000000000000E+00  0.0000000000000E+00     
               PFSQRF 2D1 -0.2581756360096E-05  0.4080862802487E-05  0.1323488980085E-20  0.2111907618328E-21  0.0000000000000E+00     
               PFSQSF 2D1 -0.2768876986308E-05  0.3860349895496E-05  0.6749793798433E-21  0.1668538759512E-21  0.0000000000000E+00     
              PFCQRNG 2D1 -0.3555564290808E-07  0.1413389467871E-08  0.0000000000000E+00  0.0000000000000E+00  0.0000000000000E+00     
              PFCQSNG 2D1 -0.5285014021662E-06  0.8788562329576E-08  0.0000000000000E+00  0.0000000000000E+00  0.0000000000000E+00     
             PFSQLTUR 2D1 -0.8115949343062E-06  0.2653456385227E-06  0.0000000000000E+00  0.0000000000000E+00  0.0000000000000E+00     
             PFSQITUR 2D1 -0.2651690301090E-05  0.3864567769232E-06  0.0000000000000E+00  0.0000000000000E+00  0.0000000000000E+00     
               PFPLSL 2D1  0.0000000000000E+00  0.0000000000000E+00  0.0000000000000E+00  0.0000000000000E+00  0.0000000000000E+00     
               PFPLSN 2D1  0.0000000000000E+00  0.2969958004108E-04  0.6776263578034E-20  0.1669166465601E-20  0.0000000000000E+00     
               PFHPSL 2D1 -0.0000000000000E+00 -0.0000000000000E+00  0.0000000000000E+00  0.0000000000000E+00  0.0000000000000E+00     
               PFHPSN 2D3 -0.8418345962643E+02 -0.0000000000000E+00  0.2131628207280E-13  0.4744306076471E-14  0.9666150736534E-15     
       TENDENCY_LOC%A 2D3 -0.2777777777778E-03  0.2631309809623E-03  0.3083199928006E-18  0.6941636490698E-20  0.1520821995311E-14     
       TENDENCY_LOC%Q 2D1 -0.1997382404851E-07  0.1495580073796E-07  0.1207683694327E-21  0.3623081943221E-23  0.0000000000000E+00     
       TENDENCY_LOC%T 2D3 -0.4132200394167E-04  0.5435278446361E-04  0.2964615315390E-18  0.2330245828518E-19  0.1048574940111E-13     
     TENDENCY_LOC%CLD 3D1 -0.1222481036148E-07  0.9816546350973E-08  0.2688336990797E-22  0.1143684673236E-23  0.0000000000000E+00     
