cpu-bind=MASK - ault10, task  0  0 [2528114]: mask 0xffff000000000000ffff set
     NUMPROC=1, NUMOMP=32, NGPTOTG=16384, NPROMA=1, NGPBLKS=16384
 Reference MFLOP count for 100 columns :  12.48232900
     NUMOMP    NGPTOT  #GP-cols     #BLKS    NPROMA tid# : Time(msec)  MFlops/s     col/s
         32     16384       509       509         1    0 :        376       168     43556 @ rank#0:core#64
         32     16384       511       511         1    1 :        376       169     43565 @ rank#0:core#0
         32     16384       512       512         1    2 :        375       170     43601 @ rank#0:core#1
         32     16384       511       511         1    3 :        376       169     43559 @ rank#0:core#1
         32     16384       511       511         1    4 :        376       169     43529 @ rank#0:core#66
         32     16384       513       513         1    5 :        376       170     43526 @ rank#0:core#2
         32     16384       508       508         1    6 :        375       168     43592 @ rank#0:core#3
         32     16384       514       514         1    7 :        376       170     43533 @ rank#0:core#67
         32     16384       505       505         1    8 :        376       167     43545 @ rank#0:core#68
         32     16384       504       504         1    9 :        376       167     43538 @ rank#0:core#4
         32     16384       506       506         1   10 :        376       167     43549 @ rank#0:core#5
         32     16384       506       506         1   11 :        376       167     43536 @ rank#0:core#69
         32     16384       505       505         1   12 :        376       167     43537 @ rank#0:core#70
         32     16384       505       505         1   13 :        376       167     43532 @ rank#0:core#6
         32     16384       505       505         1   14 :        376       167     43543 @ rank#0:core#7
         32     16384       507       507         1   15 :        376       168     43545 @ rank#0:core#71
         32     16384       517       517         1   16 :        376       171     43546 @ rank#0:core#72
         32     16384       514       514         1   17 :        376       170     43541 @ rank#0:core#8
         32     16384       514       514         1   18 :        375       170     43577 @ rank#0:core#9
         32     16384       514       514         1   19 :        376       170     43569 @ rank#0:core#73
         32     16384       517       517         1   20 :        376       171     43559 @ rank#0:core#74
         32     16384       515       515         1   21 :        376       170     43553 @ rank#0:core#10
         32     16384       513       513         1   22 :        376       170     43538 @ rank#0:core#11
         32     16384       514       514         1   23 :        376       170     43533 @ rank#0:core#75
         32     16384       516       516         1   24 :        376       171     43563 @ rank#0:core#76
         32     16384       515       515         1   25 :        375       171     43583 @ rank#0:core#12
         32     16384       516       516         1   26 :        376       171     43532 @ rank#0:core#13
         32     16384       517       517         1   27 :        376       171     43523 @ rank#0:core#77
         32     16384       517       517         1   28 :        376       171     43540 @ rank#0:core#78
         32     16384       515       515         1   29 :        376       170     43565 @ rank#0:core#14
         32     16384       519       519         1   30 :        375       172     43583 @ rank#0:core#15
         32     16384       519       519         1   31 :        376       172     43547 @ rank#0:core#79
         32     16384     16384     16384         1   -1 :        376      5431     43514 : TOTAL @ rank#0
    1 x  32     16384     16384     16384         1   -1 :        376      5431     43514 : TOTAL
             Variable Dim             MinValue             MaxValue            AbsMaxErr         AvgAbsErr/GP          MaxRelErr-%
                PLUDE 2D1  0.0000000000000E+00  0.1026720108982E-03  0.0000000000000E+00  0.0000000000000E+00  0.0000000000000E+00     
             PCOVPTOT 2D1  0.0000000000000E+00  0.1000000000000E+01  0.0000000000000E+00  0.0000000000000E+00  0.0000000000000E+00     
     PRAINFRAC_TOPRFZ 1D1  0.0000000000000E+00  0.0000000000000E+00  0.0000000000000E+00  0.0000000000000E+00  0.0000000000000E+00     
               PFSQLF 2D1 -0.2581756360096E-05  0.4080862802487E-05  0.1323488980085E-20  0.2339398442651E-21  0.0000000000000E+00     
               PFSQIF 2D1 -0.2810873821405E-05  0.3887836598167E-05  0.6617444900424E-21  0.1677835706162E-21  0.0000000000000E+00     
              PFCQLNG 2D1 -0.3555564290808E-07  0.1413389467871E-08  0.0000000000000E+00  0.0000000000000E+00  0.0000000000000E+00     
              PFCQNNG 2D1 -0.5285014021662E-06  0.8788562329576E-08  0.0000000000000E+00  0.0000000000000E+00  0.0000000000000E+00     
               PFSQRF 2D1 -0.2581756360096E-05  0.4080862802487E-05  0.1323488980085E-20  0.2114185596187E-21  0.0000000000000E+00     
               PFSQSF 2D1 -0.2768876986308E-05  0.3860349895496E-05  0.6749793798433E-21  0.1670052615144E-21  0.0000000000000E+00     
              PFCQRNG 2D1 -0.3555564290808E-07  0.1413389467871E-08  0.0000000000000E+00  0.0000000000000E+00  0.0000000000000E+00     
              PFCQSNG 2D1 -0.5285014021662E-06  0.8788562329576E-08  0.0000000000000E+00  0.0000000000000E+00  0.0000000000000E+00     
             PFSQLTUR 2D1 -0.8115949343062E-06  0.2653456385227E-06  0.0000000000000E+00  0.0000000000000E+00  0.0000000000000E+00     
             PFSQITUR 2D1 -0.2651690301090E-05  0.3864567769232E-06  0.0000000000000E+00  0.0000000000000E+00  0.0000000000000E+00     
               PFPLSL 2D1  0.0000000000000E+00  0.0000000000000E+00  0.0000000000000E+00  0.0000000000000E+00  0.0000000000000E+00     
               PFPLSN 2D1  0.0000000000000E+00  0.2969958004108E-04  0.6776263578034E-20  0.1670258602504E-20  0.0000000000000E+00     
               PFHPSL 2D1 -0.0000000000000E+00 -0.0000000000000E+00  0.0000000000000E+00  0.0000000000000E+00  0.0000000000000E+00     
               PFHPSN 2D3 -0.8418345962643E+02 -0.0000000000000E+00  0.2131628207280E-13  0.4747477367825E-14  0.9672112252445E-15     
       TENDENCY_LOC%A 2D1 -0.2777777777778E-03  0.2631309809623E-03  0.3083199928006E-18  0.6943039830073E-20  0.0000000000000E+00     
       TENDENCY_LOC%Q 2D1 -0.1997382404851E-07  0.1495580073796E-07  0.1207683694327E-21  0.3624001755036E-23  0.0000000000000E+00     
       TENDENCY_LOC%T 2D3 -0.4132200394167E-04  0.5435278446361E-04  0.2964615315390E-18  0.2331747668220E-19  0.1049496455826E-13     
     TENDENCY_LOC%CLD 3D1 -0.1222481036148E-07  0.9816546350973E-08  0.2688336990797E-22  0.1144598322076E-23  0.0000000000000E+00     
