cpu-bind=MASK - ault07, task  0  0 [1888768]: mask 0xff00000000000000ff set
     NUMPROC=1, NUMOMP=16, NGPTOTG=262144, NPROMA=16, NGPBLKS=16384
 Reference MFLOP count for 100 columns :  12.48232900
     NUMOMP    NGPTOT  #GP-cols     #BLKS    NPROMA tid# : Time(msec)  MFlops/s     col/s
         16    262144     16384      1024        16    0 :       2287       894    114601 @ rank#0:core#64
         16    262144     16384      1024        16    1 :       2287       894    114622 @ rank#0:core#0
         16    262144     16432      1027        16    2 :       2285       897    114701 @ rank#0:core#65
         16    262144     16432      1027        16    3 :       2287       896    114607 @ rank#0:core#1
         16    262144     16432      1027        16    4 :       2287       896    114589 @ rank#0:core#66
         16    262144     16416      1026        16    5 :       2285       896    114707 @ rank#0:core#2
         16    262144     16368      1023        16    6 :       2287       893    114601 @ rank#0:core#3
         16    262144     16416      1026        16    7 :       2286       896    114632 @ rank#0:core#67
         16    262144     16384      1024        16    8 :       2285       894    114682 @ rank#0:core#68
         16    262144     16400      1025        16    9 :       2285       895    114686 @ rank#0:core#4
         16    262144     16272      1017        16   10 :       2287       887    114604 @ rank#0:core#5
         16    262144     16320      1020        16   11 :       2287       890    114595 @ rank#0:core#69
         16    262144     16384      1024        16   12 :       2285       894    114685 @ rank#0:core#70
         16    262144     16400      1025        16   13 :       2286       895    114627 @ rank#0:core#6
         16    262144     16368      1023        16   14 :       2287       893    114605 @ rank#0:core#7
         16    262144     16352      1022        16   15 :       2286       892    114669 @ rank#0:core#71
         16    262144    262144     16384        16   -1 :       2287     14303    114586 : TOTAL @ rank#0
    1 x  16    262144    262144     16384        16   -1 :       2287     14303    114586 : TOTAL
             Variable Dim             MinValue             MaxValue            AbsMaxErr         AvgAbsErr/GP          MaxRelErr-%
                PLUDE 2D1  0.0000000000000E+00  0.1026720108982E-03  0.0000000000000E+00  0.0000000000000E+00  0.0000000000000E+00     
             PCOVPTOT 2D3  0.0000000000000E+00  0.1000000000000E+01  0.2442490654175E-14  0.1338449170120E-14  0.5022634984648E-14     
     PRAINFRAC_TOPRFZ 1D1  0.0000000000000E+00  0.0000000000000E+00  0.0000000000000E+00  0.0000000000000E+00  0.0000000000000E+00     
               PFSQLF 2D3 -0.2581756360096E-05  0.4080862802487E-05  0.1086849150446E-18  0.1944827154974E-18  0.1909879370414E-11 !!!!
               PFSQIF 2D3 -0.2810873821405E-05  0.3887836598167E-05  0.8343274530455E-19  0.1508587726554E-18  0.6732185202831E-12 !!!!
              PFCQLNG 2D1 -0.3555564290808E-07  0.1413389467871E-08  0.0000000000000E+00  0.0000000000000E+00  0.0000000000000E+00     
              PFCQNNG 2D1 -0.5285014021662E-06  0.8788562329576E-08  0.0000000000000E+00  0.0000000000000E+00  0.0000000000000E+00     
               PFSQRF 2D3 -0.2581756360096E-05  0.4080862802487E-05  0.1086849150446E-18  0.1858211185967E-18  0.1921578856384E-11 !!!!
               PFSQSF 2D3 -0.2768876986308E-05  0.3860349895496E-05  0.8216219588367E-19  0.1485029857133E-18  0.6665363521197E-12 !!!!
              PFCQRNG 2D1 -0.3555564290808E-07  0.1413389467871E-08  0.0000000000000E+00  0.0000000000000E+00  0.0000000000000E+00     
              PFCQSNG 2D1 -0.5285014021662E-06  0.8788562329576E-08  0.0000000000000E+00  0.0000000000000E+00  0.0000000000000E+00     
             PFSQLTUR 2D1 -0.8115949343062E-06  0.2653456385227E-06  0.0000000000000E+00  0.0000000000000E+00  0.0000000000000E+00     
             PFSQITUR 2D1 -0.2651690301090E-05  0.3864567769232E-06  0.0000000000000E+00  0.0000000000000E+00  0.0000000000000E+00     
               PFPLSL 2D1  0.0000000000000E+00  0.0000000000000E+00  0.0000000000000E+00  0.0000000000000E+00  0.0000000000000E+00     
               PFPLSN 2D3  0.0000000000000E+00  0.2969958004108E-04  0.1634773588201E-18  0.3833205973066E-18  0.2213617314798E-12     
               PFHPSL 2D1 -0.0000000000000E+00 -0.0000000000000E+00  0.0000000000000E+00  0.0000000000000E+00  0.0000000000000E+00     
               PFHPSN 2D3 -0.8418345962643E+02 -0.0000000000000E+00  0.4618527782441E-12  0.1086864570289E-11  0.2214314772787E-12     
       TENDENCY_LOC%A 2D3 -0.2777777777778E-03  0.2631309809623E-03  0.1785714859402E-16  0.2061969643246E-17  0.4517092612077E-12 !!!!
       TENDENCY_LOC%Q 2D3 -0.1997382404851E-07  0.1495580073796E-07  0.1806976048122E-20  0.8635259987013E-21  0.1102412406643E-11 !!!!
       TENDENCY_LOC%T 2D3 -0.4132200394167E-04  0.5435278446361E-04  0.5211793724456E-17  0.2774436649255E-17  0.1248479237774E-11 !!!!
     TENDENCY_LOC%CLD 3D1 -0.1222481036148E-07  0.9816546350973E-08  0.5053039566933E-21  0.3876127713135E-21  0.0000000000000E+00     
