cpu-bind=MASK - ault10, task  0  0 [2532843]: mask 0xffff000000000000ffff set
     NUMPROC=1, NUMOMP=32, NGPTOTG=16384, NPROMA=32, NGPBLKS=512
 Reference MFLOP count for 100 columns :  12.48232900
     NUMOMP    NGPTOT  #GP-cols     #BLKS    NPROMA tid# : Time(msec)  MFlops/s     col/s
         32     16384       544        17        32    0 :        102       659    159160 @ rank#0:core#64
         32     16384       512        16        32    1 :        100       633    162378 @ rank#0:core#0
         32     16384       480        15        32    2 :         99       601    164575 @ rank#0:core#1
         32     16384       480        15        32    3 :         99       603    164963 @ rank#0:core#1
         32     16384       480        15        32    4 :         99       601    164557 @ rank#0:core#66
         32     16384       480        15        32    5 :         99       600    164327 @ rank#0:core#2
         32     16384       480        15        32    6 :         99       602    164819 @ rank#0:core#3
         32     16384       512        16        32    7 :        102       621    159356 @ rank#0:core#67
         32     16384       480        15        32    8 :        102       584    159842 @ rank#0:core#68
         32     16384       480        15        32    9 :        102       584    159827 @ rank#0:core#4
         32     16384       480        15        32   10 :        101       590    161546 @ rank#0:core#5
         32     16384       512        16        32   11 :        103       619    158929 @ rank#0:core#69
         32     16384       480        15        32   12 :        103       579    158342 @ rank#0:core#70
         32     16384       480        15        32   13 :        102       583    159513 @ rank#0:core#6
         32     16384       480        15        32   14 :        102       581    159143 @ rank#0:core#7
         32     16384       480        15        32   15 :        100       598    163757 @ rank#0:core#71
         32     16384       544        17        32   16 :         99       681    164365 @ rank#0:core#72
         32     16384       544        17        32   17 :        100       676    163182 @ rank#0:core#8
         32     16384       544        17        32   18 :        100       672    162255 @ rank#0:core#9
         32     16384       544        17        32   19 :        100       672    162283 @ rank#0:core#73
         32     16384       544        17        32   20 :        101       667    161020 @ rank#0:core#74
         32     16384       544        17        32   21 :        100       674    162683 @ rank#0:core#10
         32     16384       576        18        32   22 :        103       696    158788 @ rank#0:core#11
         32     16384       576        18        32   23 :        103       695    158468 @ rank#0:core#75
         32     16384       512        16        32   24 :        103       617    158235 @ rank#0:core#76
         32     16384       512        16        32   25 :        102       624    160071 @ rank#0:core#12
         32     16384       512        16        32   26 :        103       616    158084 @ rank#0:core#13
         32     16384       512        16        32   27 :        103       616    157987 @ rank#0:core#77
         32     16384       512        16        32   28 :        102       621    159441 @ rank#0:core#78
         32     16384       544        17        32   29 :        102       663    160094 @ rank#0:core#14
         32     16384       512        16        32   30 :        102       621    159301 @ rank#0:core#15
         32     16384       512        16        32   31 :         98       647    165890 @ rank#0:core#79
         32     16384     16384       512        32   -1 :        103     19689    157741 : TOTAL @ rank#0
    1 x  32     16384     16384       512        32   -1 :        103     19689    157741 : TOTAL
             Variable Dim             MinValue             MaxValue            AbsMaxErr         AvgAbsErr/GP          MaxRelErr-%
                PLUDE 2D1  0.0000000000000E+00  0.1026720108982E-03  0.0000000000000E+00  0.0000000000000E+00  0.0000000000000E+00     
             PCOVPTOT 2D3  0.0000000000000E+00  0.1000000000000E+01  0.2442490654175E-14  0.1338011359966E-14  0.5020685483033E-14     
     PRAINFRAC_TOPRFZ 1D1  0.0000000000000E+00  0.0000000000000E+00  0.0000000000000E+00  0.0000000000000E+00  0.0000000000000E+00     
               PFSQLF 2D3 -0.2581756360096E-05  0.4080862802487E-05  0.1086849150446E-18  0.1944013506306E-18  0.1911172639918E-11 !!!!
               PFSQIF 2D3 -0.2810873821405E-05  0.3887836598167E-05  0.8343274530455E-19  0.1508943707971E-18  0.6731932814667E-12 !!!!
              PFCQLNG 2D1 -0.3555564290808E-07  0.1413389467871E-08  0.0000000000000E+00  0.0000000000000E+00  0.0000000000000E+00     
              PFCQNNG 2D1 -0.5285014021662E-06  0.8788562329576E-08  0.0000000000000E+00  0.0000000000000E+00  0.0000000000000E+00     
               PFSQRF 2D3 -0.2581756360096E-05  0.4080862802487E-05  0.1086849150446E-18  0.1857431000511E-18  0.1922865746361E-11 !!!!
               PFSQSF 2D3 -0.2768876986308E-05  0.3860349895496E-05  0.8216219588367E-19  0.1485387679977E-18  0.6665073822603E-12 !!!!
              PFCQRNG 2D1 -0.3555564290808E-07  0.1413389467871E-08  0.0000000000000E+00  0.0000000000000E+00  0.0000000000000E+00     
              PFCQSNG 2D1 -0.5285014021662E-06  0.8788562329576E-08  0.0000000000000E+00  0.0000000000000E+00  0.0000000000000E+00     
             PFSQLTUR 2D1 -0.8115949343062E-06  0.2653456385227E-06  0.0000000000000E+00  0.0000000000000E+00  0.0000000000000E+00     
             PFSQITUR 2D1 -0.2651690301090E-05  0.3864567769232E-06  0.0000000000000E+00  0.0000000000000E+00  0.0000000000000E+00     
               PFPLSL 2D1  0.0000000000000E+00  0.0000000000000E+00  0.0000000000000E+00  0.0000000000000E+00  0.0000000000000E+00     
               PFPLSN 2D3  0.0000000000000E+00  0.2969958004108E-04  0.1634773588201E-18  0.3833711721310E-18  0.2213881336957E-12     
               PFHPSL 2D1 -0.0000000000000E+00 -0.0000000000000E+00  0.0000000000000E+00  0.0000000000000E+00  0.0000000000000E+00     
               PFHPSN 2D3 -0.8418345962643E+02 -0.0000000000000E+00  0.4618527782441E-12  0.1087007276171E-11  0.2214577464993E-12     
       TENDENCY_LOC%A 2D3 -0.2777777777778E-03  0.2631309809623E-03  0.1785714859402E-16  0.2061038767448E-17  0.4515343292534E-12 !!!!
       TENDENCY_LOC%Q 2D1 -0.1997382404851E-07  0.1495580073796E-07  0.1806976048122E-20  0.8634990507167E-21  0.0000000000000E+00     
       TENDENCY_LOC%T 2D3 -0.4132200394167E-04  0.5435278446361E-04  0.5211793724456E-17  0.2774253622581E-17  0.1248663988880E-11 !!!!
     TENDENCY_LOC%CLD 3D1 -0.1222481036148E-07  0.9816546350973E-08  0.5053039566933E-21  0.3875591614177E-21  0.0000000000000E+00     
