cpu-bind=MASK - ault10, task  0  0 [2521797]: mask 0xffff000000000000ffff set
     NUMPROC=1, NUMOMP=32, NGPTOTG=8192, NPROMA=8, NGPBLKS=1024
 Reference MFLOP count for 100 columns :  12.48232900
     NUMOMP    NGPTOT  #GP-cols     #BLKS    NPROMA tid# : Time(msec)  MFlops/s     col/s
         32      8192       248        31         8    0 :         49       623    165003 @ rank#0:core#64
         32      8192       248        31         8    1 :         49       621    164380 @ rank#0:core#0
         32      8192       248        31         8    2 :         47       646    171147 @ rank#0:core#1
         32      8192       256        32         8    3 :         49       649    166598 @ rank#0:core#1
         32      8192       248        31         8    4 :         49       629    166692 @ rank#0:core#66
         32      8192       248        31         8    5 :         49       621    164600 @ rank#0:core#2
         32      8192       248        31         8    6 :         49       623    164872 @ rank#0:core#3
         32      8192       248        31         8    7 :         49       619    163974 @ rank#0:core#67
         32      8192       248        31         8    8 :         49       622    164832 @ rank#0:core#68
         32      8192       248        31         8    9 :         49       630    166853 @ rank#0:core#4
         32      8192       248        31         8   10 :         49       621    164519 @ rank#0:core#5
         32      8192       248        31         8   11 :         48       632    167475 @ rank#0:core#69
         32      8192       248        31         8   12 :         49       621    164389 @ rank#0:core#70
         32      8192       240        30         8   13 :         49       603    164970 @ rank#0:core#6
         32      8192       248        31         8   14 :         49       622    164745 @ rank#0:core#7
         32      8192       248        31         8   15 :         49       623    164967 @ rank#0:core#71
         32      8192       256        32         8   16 :         49       645    165489 @ rank#0:core#72
         32      8192       256        32         8   17 :         49       650    166687 @ rank#0:core#8
         32      8192       272        34         8   18 :         49       685    165364 @ rank#0:core#9
         32      8192       256        32         8   19 :         50       638    163719 @ rank#0:core#73
         32      8192       272        34         8   20 :         49       682    164651 @ rank#0:core#74
         32      8192       264        33         8   21 :         49       672    167109 @ rank#0:core#10
         32      8192       248        31         8   22 :         48       631    167190 @ rank#0:core#11
         32      8192       256        32         8   23 :         49       640    164271 @ rank#0:core#75
         32      8192       264        33         8   24 :         49       668    166123 @ rank#0:core#76
         32      8192       256        32         8   25 :         48       653    167448 @ rank#0:core#12
         32      8192       272        34         8   26 :         50       678    163790 @ rank#0:core#13
         32      8192       264        33         8   27 :         50       657    163382 @ rank#0:core#77
         32      8192       280        35         8   28 :         50       698    163653 @ rank#0:core#78
         32      8192       264        33         8   29 :         50       657    163351 @ rank#0:core#14
         32      8192       272        34         8   30 :         50       678    163729 @ rank#0:core#15
         32      8192       272        34         8   31 :         49       680    164215 @ rank#0:core#79
         32      8192      8192      1024         8   -1 :         50     20350    163038 : TOTAL @ rank#0
    1 x  32      8192      8192      1024         8   -1 :         50     20350    163038 : TOTAL
             Variable Dim             MinValue             MaxValue            AbsMaxErr         AvgAbsErr/GP          MaxRelErr-%
                PLUDE 2D1  0.0000000000000E+00  0.1026720108982E-03  0.0000000000000E+00  0.0000000000000E+00  0.0000000000000E+00     
             PCOVPTOT 2D3  0.0000000000000E+00  0.1000000000000E+01  0.2442490654175E-14  0.1338932084779E-14  0.5023917654243E-14     
     PRAINFRAC_TOPRFZ 1D1  0.0000000000000E+00  0.0000000000000E+00  0.0000000000000E+00  0.0000000000000E+00  0.0000000000000E+00     
               PFSQLF 2D3 -0.2581756360096E-05  0.4080862802487E-05  0.1086849150446E-18  0.1944771780139E-18  0.1913342765312E-11 !!!!
               PFSQIF 2D3 -0.2810873821405E-05  0.3887836598167E-05  0.8343274530455E-19  0.1508481733102E-18  0.6730289603472E-12 !!!!
              PFCQLNG 2D1 -0.3555564290808E-07  0.1413389467871E-08  0.0000000000000E+00  0.0000000000000E+00  0.0000000000000E+00     
              PFCQNNG 2D1 -0.5285014021662E-06  0.8788562329576E-08  0.0000000000000E+00  0.0000000000000E+00  0.0000000000000E+00     
               PFSQRF 2D3 -0.2581756360096E-05  0.4080862802487E-05  0.1086849150446E-18  0.1858149401654E-18  0.1925035340517E-11 !!!!
               PFSQSF 2D3 -0.2768876986308E-05  0.3860349895496E-05  0.8216219588367E-19  0.1484928073494E-18  0.6663428660067E-12 !!!!
              PFCQRNG 2D1 -0.3555564290808E-07  0.1413389467871E-08  0.0000000000000E+00  0.0000000000000E+00  0.0000000000000E+00     
              PFCQSNG 2D1 -0.5285014021662E-06  0.8788562329576E-08  0.0000000000000E+00  0.0000000000000E+00  0.0000000000000E+00     
             PFSQLTUR 2D1 -0.8115949343062E-06  0.2653456385227E-06  0.0000000000000E+00  0.0000000000000E+00  0.0000000000000E+00     
             PFSQITUR 2D1 -0.2651690301090E-05  0.3864567769232E-06  0.0000000000000E+00  0.0000000000000E+00  0.0000000000000E+00     
               PFPLSL 2D1  0.0000000000000E+00  0.0000000000000E+00  0.0000000000000E+00  0.0000000000000E+00  0.0000000000000E+00     
               PFPLSN 2D3  0.0000000000000E+00  0.2969958004108E-04  0.1634773588201E-18  0.3833144424864E-18  0.2214218206021E-12     
               PFHPSL 2D1 -0.0000000000000E+00 -0.0000000000000E+00  0.0000000000000E+00  0.0000000000000E+00  0.0000000000000E+00     
               PFHPSN 2D3 -0.8418345962643E+02 -0.0000000000000E+00  0.4618527782441E-12  0.1086844658326E-11  0.2214910838747E-12     
       TENDENCY_LOC%A 2D3 -0.2777777777778E-03  0.2631309809623E-03  0.1785714859402E-16  0.2062614485325E-17  0.4518769356260E-12 !!!!
       TENDENCY_LOC%Q 2D1 -0.1997382404851E-07  0.1495580073796E-07  0.1806976048122E-20  0.8635158769719E-21  0.0000000000000E+00     
       TENDENCY_LOC%T 2D3 -0.4132200394167E-04  0.5435278446361E-04  0.5211793724456E-17  0.2774248118326E-17  0.1248762571266E-11 !!!!
     TENDENCY_LOC%CLD 3D1 -0.1222481036148E-07  0.9816546350973E-08  0.5053039566933E-21  0.3875623099068E-21  0.0000000000000E+00     
