cpu-bind=MASK - ault07, task  0  0 [1895829]: mask 0xffff000000000000ffff set
     NUMPROC=1, NUMOMP=32, NGPTOTG=262144, NPROMA=16, NGPBLKS=16384
 Reference MFLOP count for 100 columns :  12.48232900
     NUMOMP    NGPTOT  #GP-cols     #BLKS    NPROMA tid# : Time(msec)  MFlops/s     col/s
         32    262144      8176       511        16    0 :       1234       827    212429 @ rank#0:core#64
         32    262144      8208       513        16    1 :       1234       830    212397 @ rank#0:core#0
         32    262144      8208       513        16    2 :       1232       831    212739 @ rank#0:core#65
         32    262144      8208       513        16    3 :       1234       830    212396 @ rank#0:core#1
         32    262144      8192       512        16    4 :       1232       829    212713 @ rank#0:core#66
         32    262144      8160       510        16    5 :       1233       825    212581 @ rank#0:core#2
         32    262144      8128       508        16    6 :       1234       822    212427 @ rank#0:core#3
         32    262144      8080       505        16    7 :       1232       818    212718 @ rank#0:core#67
         32    262144      8176       511        16    8 :       1232       828    212724 @ rank#0:core#68
         32    262144      8144       509        16    9 :       1233       824    212557 @ rank#0:core#4
         32    262144      8176       511        16   10 :       1233       827    212556 @ rank#0:core#5
         32    262144      8160       510        16   11 :       1233       825    212534 @ rank#0:core#69
         32    262144      8160       510        16   12 :       1233       825    212570 @ rank#0:core#70
         32    262144      8192       512        16   13 :       1233       828    212436 @ rank#0:core#6
         32    262144      8176       511        16   14 :       1233       827    212560 @ rank#0:core#7
         32    262144      8208       513        16   15 :       1233       830    212541 @ rank#0:core#71
         32    262144      8208       513        16   16 :       1233       830    212599 @ rank#0:core#72
         32    262144      8240       515        16   17 :       1233       833    212539 @ rank#0:core#8
         32    262144      8224       514        16   18 :       1234       831    212433 @ rank#0:core#9
         32    262144      8192       512        16   19 :       1233       829    212580 @ rank#0:core#73
         32    262144      8288       518        16   20 :       1233       838    212503 @ rank#0:core#74
         32    262144      8272       517        16   21 :       1234       836    212373 @ rank#0:core#10
         32    262144      8208       513        16   22 :       1234       829    212362 @ rank#0:core#11
         32    262144      8176       511        16   23 :       1234       826    212370 @ rank#0:core#75
         32    262144      8192       512        16   24 :       1232       829    212665 @ rank#0:core#76
         32    262144      8224       514        16   25 :       1233       832    212586 @ rank#0:core#12
         32    262144      8176       511        16   26 :       1233       827    212579 @ rank#0:core#13
         32    262144      8224       514        16   27 :       1233       832    212589 @ rank#0:core#77
         32    262144      8208       513        16   28 :       1233       830    212556 @ rank#0:core#78
         32    262144      8176       511        16   29 :       1233       827    212558 @ rank#0:core#14
         32    262144      8208       513        16   30 :       1233       830    212583 @ rank#0:core#15
         32    262144      8176       511        16   31 :       1234       826    212409 @ rank#0:core#79
         32    262144    262144     16384        16   -1 :       1234     26505    212342 : TOTAL @ rank#0
    1 x  32    262144    262144     16384        16   -1 :       1234     26505    212342 : TOTAL
             Variable Dim             MinValue             MaxValue            AbsMaxErr         AvgAbsErr/GP          MaxRelErr-%
                PLUDE 2D1  0.0000000000000E+00  0.1026720108982E-03  0.0000000000000E+00  0.0000000000000E+00  0.0000000000000E+00     
             PCOVPTOT 2D3  0.0000000000000E+00  0.1000000000000E+01  0.2442490654175E-14  0.1338449170120E-14  0.5022634984648E-14     
     PRAINFRAC_TOPRFZ 1D1  0.0000000000000E+00  0.0000000000000E+00  0.0000000000000E+00  0.0000000000000E+00  0.0000000000000E+00     
               PFSQLF 2D3 -0.2581756360096E-05  0.4080862802487E-05  0.1086849150446E-18  0.1944827154974E-18  0.1909879370414E-11 !!!!
               PFSQIF 2D3 -0.2810873821405E-05  0.3887836598167E-05  0.8343274530455E-19  0.1508587726554E-18  0.6732185202831E-12 !!!!
              PFCQLNG 2D1 -0.3555564290808E-07  0.1413389467871E-08  0.0000000000000E+00  0.0000000000000E+00  0.0000000000000E+00     
              PFCQNNG 2D1 -0.5285014021662E-06  0.8788562329576E-08  0.0000000000000E+00  0.0000000000000E+00  0.0000000000000E+00     
               PFSQRF 2D3 -0.2581756360096E-05  0.4080862802487E-05  0.1086849150446E-18  0.1858211185967E-18  0.1921578856384E-11 !!!!
               PFSQSF 2D3 -0.2768876986308E-05  0.3860349895496E-05  0.8216219588367E-19  0.1485029857133E-18  0.6665363521197E-12 !!!!
              PFCQRNG 2D1 -0.3555564290808E-07  0.1413389467871E-08  0.0000000000000E+00  0.0000000000000E+00  0.0000000000000E+00     
              PFCQSNG 2D1 -0.5285014021662E-06  0.8788562329576E-08  0.0000000000000E+00  0.0000000000000E+00  0.0000000000000E+00     
             PFSQLTUR 2D1 -0.8115949343062E-06  0.2653456385227E-06  0.0000000000000E+00  0.0000000000000E+00  0.0000000000000E+00     
             PFSQITUR 2D1 -0.2651690301090E-05  0.3864567769232E-06  0.0000000000000E+00  0.0000000000000E+00  0.0000000000000E+00     
               PFPLSL 2D1  0.0000000000000E+00  0.0000000000000E+00  0.0000000000000E+00  0.0000000000000E+00  0.0000000000000E+00     
               PFPLSN 2D3  0.0000000000000E+00  0.2969958004108E-04  0.1634773588201E-18  0.3833205973066E-18  0.2213617314798E-12     
               PFHPSL 2D1 -0.0000000000000E+00 -0.0000000000000E+00  0.0000000000000E+00  0.0000000000000E+00  0.0000000000000E+00     
               PFHPSN 2D3 -0.8418345962643E+02 -0.0000000000000E+00  0.4618527782441E-12  0.1086864570289E-11  0.2214314772787E-12     
       TENDENCY_LOC%A 2D3 -0.2777777777778E-03  0.2631309809623E-03  0.1785714859402E-16  0.2061969643246E-17  0.4517092612077E-12 !!!!
       TENDENCY_LOC%Q 2D3 -0.1997382404851E-07  0.1495580073796E-07  0.1806976048122E-20  0.8635259987013E-21  0.1102412406643E-11 !!!!
       TENDENCY_LOC%T 2D3 -0.4132200394167E-04  0.5435278446361E-04  0.5211793724456E-17  0.2774436649255E-17  0.1248479237774E-11 !!!!
     TENDENCY_LOC%CLD 3D1 -0.1222481036148E-07  0.9816546350973E-08  0.5053039566933E-21  0.3876127713135E-21  0.0000000000000E+00     
