cpu-bind=MASK - ault10, task  0  0 [2519672]: mask 0xffff000000000000ffff set
     NUMPROC=1, NUMOMP=32, NGPTOTG=8192, NPROMA=1, NGPBLKS=8192
 Reference MFLOP count for 100 columns :  12.48232900
     NUMOMP    NGPTOT  #GP-cols     #BLKS    NPROMA tid# : Time(msec)  MFlops/s     col/s
         32      8192       252       252         1    0 :        178       176     46021 @ rank#0:core#64
         32      8192       246       246         1    1 :        177       172     46036 @ rank#0:core#0
         32      8192       249       249         1    2 :        177       174     46052 @ rank#0:core#65
         32      8192       249       249         1    3 :        178       174     45925 @ rank#0:core#1
         32      8192       249       249         1    4 :        178       174     45924 @ rank#0:core#66
         32      8192       249       249         1    5 :        178       174     45921 @ rank#0:core#2
         32      8192       247       247         1    6 :        178       173     45999 @ rank#0:core#3
         32      8192       249       249         1    7 :        177       175     46166 @ rank#0:core#67
         32      8192       254       254         1    8 :        177       178     46053 @ rank#0:core#68
         32      8192       258       258         1    9 :        178       180     45951 @ rank#0:core#4
         32      8192       255       255         1   10 :        178       178     45918 @ rank#0:core#5
         32      8192       253       253         1   11 :        178       177     45925 @ rank#0:core#69
         32      8192       254       254         1   12 :        178       177     45920 @ rank#0:core#70
         32      8192       256       256         1   13 :        178       179     45920 @ rank#0:core#6
         32      8192       260       260         1   14 :        178       181     45936 @ rank#0:core#7
         32      8192       255       255         1   15 :        178       178     45930 @ rank#0:core#71
         32      8192       257       257         1   16 :        178       179     45953 @ rank#0:core#72
         32      8192       257       257         1   17 :        178       179     45954 @ rank#0:core#8
         32      8192       257       257         1   18 :        177       180     46037 @ rank#0:core#9
         32      8192       257       257         1   19 :        177       180     46059 @ rank#0:core#73
         32      8192       258       258         1   20 :        178       180     45969 @ rank#0:core#74
         32      8192       258       258         1   21 :        178       180     45961 @ rank#0:core#10
         32      8192       260       260         1   22 :        178       182     46015 @ rank#0:core#11
         32      8192       257       257         1   23 :        178       179     45964 @ rank#0:core#75
         32      8192       262       262         1   24 :        177       183     46057 @ rank#0:core#76
         32      8192       262       262         1   25 :        178       183     45961 @ rank#0:core#12
         32      8192       264       264         1   26 :        178       184     45925 @ rank#0:core#13
         32      8192       260       260         1   27 :        178       181     45923 @ rank#0:core#77
         32      8192       263       263         1   28 :        178       184     46012 @ rank#0:core#78
         32      8192       262       262         1   29 :        178       183     46015 @ rank#0:core#14
         32      8192       260       260         1   30 :        178       181     45929 @ rank#0:core#15
         32      8192       263       263         1   31 :        178       184     45925 @ rank#0:core#79
         32      8192      8192      8192         1   -1 :        178      5729     45897 : TOTAL @ rank#0
    1 x  32      8192      8192      8192         1   -1 :        178      5729     45897 : TOTAL
             Variable Dim             MinValue             MaxValue            AbsMaxErr         AvgAbsErr/GP          MaxRelErr-%
                PLUDE 2D1  0.0000000000000E+00  0.1026720108982E-03  0.0000000000000E+00  0.0000000000000E+00  0.0000000000000E+00     
             PCOVPTOT 2D1  0.0000000000000E+00  0.1000000000000E+01  0.0000000000000E+00  0.0000000000000E+00  0.0000000000000E+00     
     PRAINFRAC_TOPRFZ 1D1  0.0000000000000E+00  0.0000000000000E+00  0.0000000000000E+00  0.0000000000000E+00  0.0000000000000E+00     
               PFSQLF 2D1 -0.2581756360096E-05  0.4080862802487E-05  0.1323488980085E-20  0.2339398442651E-21  0.0000000000000E+00     
               PFSQIF 2D1 -0.2810873821405E-05  0.3887836598167E-05  0.6617444900424E-21  0.1677835706162E-21  0.0000000000000E+00     
              PFCQLNG 2D1 -0.3555564290808E-07  0.1413389467871E-08  0.0000000000000E+00  0.0000000000000E+00  0.0000000000000E+00     
              PFCQNNG 2D1 -0.5285014021662E-06  0.8788562329576E-08  0.0000000000000E+00  0.0000000000000E+00  0.0000000000000E+00     
               PFSQRF 2D1 -0.2581756360096E-05  0.4080862802487E-05  0.1323488980085E-20  0.2114185596187E-21  0.0000000000000E+00     
               PFSQSF 2D1 -0.2768876986308E-05  0.3860349895496E-05  0.6749793798433E-21  0.1670052615144E-21  0.0000000000000E+00     
              PFCQRNG 2D1 -0.3555564290808E-07  0.1413389467871E-08  0.0000000000000E+00  0.0000000000000E+00  0.0000000000000E+00     
              PFCQSNG 2D1 -0.5285014021662E-06  0.8788562329576E-08  0.0000000000000E+00  0.0000000000000E+00  0.0000000000000E+00     
             PFSQLTUR 2D1 -0.8115949343062E-06  0.2653456385227E-06  0.0000000000000E+00  0.0000000000000E+00  0.0000000000000E+00     
             PFSQITUR 2D1 -0.2651690301090E-05  0.3864567769232E-06  0.0000000000000E+00  0.0000000000000E+00  0.0000000000000E+00     
               PFPLSL 2D1  0.0000000000000E+00  0.0000000000000E+00  0.0000000000000E+00  0.0000000000000E+00  0.0000000000000E+00     
               PFPLSN 2D1  0.0000000000000E+00  0.2969958004108E-04  0.6776263578034E-20  0.1670232753109E-20  0.0000000000000E+00     
               PFHPSL 2D1 -0.0000000000000E+00 -0.0000000000000E+00  0.0000000000000E+00  0.0000000000000E+00  0.0000000000000E+00     
               PFHPSN 2D3 -0.8418345962643E+02 -0.0000000000000E+00  0.2131628207280E-13  0.4747450262771E-14  0.9674960412121E-15     
       TENDENCY_LOC%A 2D1 -0.2777777777778E-03  0.2631309809623E-03  0.3083199928006E-18  0.6943032559930E-20  0.0000000000000E+00     
       TENDENCY_LOC%Q 2D1 -0.1997382404851E-07  0.1495580073796E-07  0.1207683694327E-21  0.3624001755036E-23  0.0000000000000E+00     
       TENDENCY_LOC%T 2D1 -0.4132200394167E-04  0.5435278446361E-04  0.2964615315390E-18  0.2331648148053E-19  0.0000000000000E+00     
     TENDENCY_LOC%CLD 3D1 -0.1222481036148E-07  0.9816546350973E-08  0.2688336990797E-22  0.1144592405619E-23  0.0000000000000E+00     
