cpu-bind=MASK - ault10, task  0  0 [2510312]: mask 0xff00000000000000ff set
     NUMPROC=1, NUMOMP=16, NGPTOTG=131072, NPROMA=128, NGPBLKS=1024
 Reference MFLOP count for 100 columns :  12.48232900
     NUMOMP    NGPTOT  #GP-cols     #BLKS    NPROMA tid# : Time(msec)  MFlops/s     col/s
         16    131072      7936        62       128    0 :      19430        50      6745 @ rank#0:core#0
         16    131072      8192        64       128    1 :      19543        52      6706 @ rank#0:core#64
         16    131072      8192        64       128    2 :      19474        52      6730 @ rank#0:core#1
         16    131072      8064        63       128    3 :      19556        51      6702 @ rank#0:core#65
         16    131072      8192        64       128    4 :      19530        52      6711 @ rank#0:core#66
         16    131072      8192        64       128    5 :      19551        52      6703 @ rank#0:core#2
         16    131072      8192        64       128    6 :      19596        52      6688 @ rank#0:core#3
         16    131072      8448        66       128    7 :      19560        53      6700 @ rank#0:core#67
         16    131072      8448        66       128    8 :      19538        53      6708 @ rank#0:core#4
         16    131072      8320        65       128    9 :      19495        53      6723 @ rank#0:core#68
         16    131072      8192        64       128   10 :      19510        52      6718 @ rank#0:core#5
         16    131072      7680        60       128   11 :      19504        49      6719 @ rank#0:core#69
         16    131072      8192        64       128   12 :      19512        52      6717 @ rank#0:core#70
         16    131072      8320        65       128   13 :      19578        53      6694 @ rank#0:core#6
         16    131072      8448        66       128   14 :      19572        53      6696 @ rank#0:core#7
         16    131072      8064        63       128   15 :      19440        51      6742 @ rank#0:core#71
         16    131072    131072      1024       128   -1 :      19596       834      6688 : TOTAL @ rank#0
    1 x  16    131072    131072      1024       128   -1 :      19596       834      6688 : TOTAL
             Variable Dim             MinValue             MaxValue            AbsMaxErr         AvgAbsErr/GP          MaxRelErr-%
                PLUDE 2D1  0.0000000000000E+00  0.1026720108982E-03  0.0000000000000E+00  0.0000000000000E+00  0.0000000000000E+00     
             PCOVPTOT 2D3  0.0000000000000E+00  0.1000000000000E+01  0.2442490654175E-14  0.1338535673360E-14  0.5022937188775E-14     
     PRAINFRAC_TOPRFZ 1D1  0.0000000000000E+00  0.0000000000000E+00  0.0000000000000E+00  0.0000000000000E+00  0.0000000000000E+00     
               PFSQLF 2D3 -0.2581756360096E-05  0.4080862802487E-05  0.1086849150446E-18  0.1944632938679E-18  0.1909904907141E-11 !!!!
               PFSQIF 2D3 -0.2810873821405E-05  0.3887836598167E-05  0.8343274530455E-19  0.1508647283941E-18  0.6732297736200E-12 !!!!
              PFCQLNG 2D1 -0.3555564290808E-07  0.1413389467871E-08  0.0000000000000E+00  0.0000000000000E+00  0.0000000000000E+00     
              PFCQNNG 2D1 -0.5285014021662E-06  0.8788562329576E-08  0.0000000000000E+00  0.0000000000000E+00  0.0000000000000E+00     
               PFSQRF 2D3 -0.2581756360096E-05  0.4080862802487E-05  0.1086849150446E-18  0.1858026272425E-18  0.1921605057655E-11 !!!!
               PFSQSF 2D3 -0.2768876986308E-05  0.3860349895496E-05  0.8216219588367E-19  0.1485086087578E-18  0.6665455864796E-12 !!!!
              PFCQRNG 2D1 -0.3555564290808E-07  0.1413389467871E-08  0.0000000000000E+00  0.0000000000000E+00  0.0000000000000E+00     
              PFCQSNG 2D1 -0.5285014021662E-06  0.8788562329576E-08  0.0000000000000E+00  0.0000000000000E+00  0.0000000000000E+00     
             PFSQLTUR 2D1 -0.8115949343062E-06  0.2653456385227E-06  0.0000000000000E+00  0.0000000000000E+00  0.0000000000000E+00     
             PFSQITUR 2D1 -0.2651690301090E-05  0.3864567769232E-06  0.0000000000000E+00  0.0000000000000E+00  0.0000000000000E+00     
               PFPLSL 2D1  0.0000000000000E+00  0.0000000000000E+00  0.0000000000000E+00  0.0000000000000E+00  0.0000000000000E+00     
               PFPLSN 2D3  0.0000000000000E+00  0.2969958004108E-04  0.1634773588201E-18  0.3833150731870E-18  0.2213690462683E-12     
               PFHPSL 2D1 -0.0000000000000E+00 -0.0000000000000E+00  0.0000000000000E+00  0.0000000000000E+00  0.0000000000000E+00     
               PFHPSN 2D3 -0.8418345962643E+02 -0.0000000000000E+00  0.4618527782441E-12  0.1086848871304E-11  0.2214387870504E-12     
       TENDENCY_LOC%A 2D3 -0.2777777777778E-03  0.2631309809623E-03  0.1785714859402E-16  0.2061769278672E-17  0.4516721216926E-12 !!!!
       TENDENCY_LOC%Q 2D1 -0.1997382404851E-07  0.1495580073796E-07  0.1806976048122E-20  0.8635302347580E-21  0.0000000000000E+00     
       TENDENCY_LOC%T 2D3 -0.4132200394167E-04  0.5435278446361E-04  0.5211793724456E-17  0.2774428055972E-17  0.1248525141960E-11 !!!!
     TENDENCY_LOC%CLD 3D1 -0.1222481036148E-07  0.9816546350973E-08  0.5053039566933E-21  0.3876041328172E-21  0.0000000000000E+00     
