cpu-bind=MASK - ault10, task  0  0 [2541888]: mask 0xffff000000000000ffff set
     NUMPROC=1, NUMOMP=32, NGPTOTG=32768, NPROMA=64, NGPBLKS=512
 Reference MFLOP count for 100 columns :  12.48232900
     NUMOMP    NGPTOT  #GP-cols     #BLKS    NPROMA tid# : Time(msec)  MFlops/s     col/s
         32     32768       896        14        64    0 :        185       601    176377 @ rank#0:core#64
         32     32768      1088        17        64    1 :        190       714    172338 @ rank#0:core#0
         32     32768      1024        16        64    2 :        183       697    178733 @ rank#0:core#1
         32     32768      1024        16        64    3 :        188       679    174073 @ rank#0:core#1
         32     32768      1024        16        64    4 :        189       675    173253 @ rank#0:core#66
         32     32768       960        15        64    5 :        182       655    179367 @ rank#0:core#2
         32     32768      1024        16        64    6 :        189       674    172815 @ rank#0:core#3
         32     32768      1024        16        64    7 :        186       683    175296 @ rank#0:core#67
         32     32768       960        15        64    8 :        184       648    177416 @ rank#0:core#68
         32     32768       960        15        64    9 :        184       650    177805 @ rank#0:core#4
         32     32768       960        15        64   10 :        186       641    175488 @ rank#0:core#5
         32     32768       960        15        64   11 :        184       648    177220 @ rank#0:core#69
         32     32768       960        15        64   12 :        182       655    179331 @ rank#0:core#70
         32     32768       960        15        64   13 :        184       650    177933 @ rank#0:core#6
         32     32768       960        15        64   14 :        187       637    174379 @ rank#0:core#7
         32     32768       960        15        64   15 :        188       637    174282 @ rank#0:core#71
         32     32768      1024        16        64   16 :        182       700    179611 @ rank#0:core#72
         32     32768      1088        17        64   17 :        183       739    178353 @ rank#0:core#8
         32     32768      1088        17        64   18 :        186       726    175295 @ rank#0:core#9
         32     32768      1088        17        64   19 :        189       715    172705 @ rank#0:core#73
         32     32768      1024        16        64   20 :        183       698    179019 @ rank#0:core#74
         32     32768      1088        17        64   21 :        189       717    173015 @ rank#0:core#10
         32     32768      1088        17        64   22 :        190       713    172244 @ rank#0:core#11
         32     32768      1088        17        64   23 :        187       726    175227 @ rank#0:core#75
         32     32768      1088        17        64   24 :        190       712    171880 @ rank#0:core#76
         32     32768      1088        17        64   25 :        190       712    171956 @ rank#0:core#12
         32     32768      1088        17        64   26 :        189       715    172546 @ rank#0:core#13
         32     32768      1024        16        64   27 :        183       694    178103 @ rank#0:core#77
         32     32768      1024        16        64   28 :        183       695    178208 @ rank#0:core#78
         32     32768      1088        17        64   29 :        189       715    172653 @ rank#0:core#14
         32     32768      1024        16        64   30 :        184       693    177698 @ rank#0:core#15
         32     32768      1024        16        64   31 :        184       692    177588 @ rank#0:core#79
         32     32768     32768       512        64   -1 :        190     21439    171762 : TOTAL @ rank#0
    1 x  32     32768     32768       512        64   -1 :        190     21439    171762 : TOTAL
             Variable Dim             MinValue             MaxValue            AbsMaxErr         AvgAbsErr/GP          MaxRelErr-%
                PLUDE 2D1  0.0000000000000E+00  0.1026720108982E-03  0.0000000000000E+00  0.0000000000000E+00  0.0000000000000E+00     
             PCOVPTOT 2D3  0.0000000000000E+00  0.1000000000000E+01  0.2442490654175E-14  0.1338412430066E-14  0.5022496464021E-14     
     PRAINFRAC_TOPRFZ 1D1  0.0000000000000E+00  0.0000000000000E+00  0.0000000000000E+00  0.0000000000000E+00  0.0000000000000E+00     
               PFSQLF 2D3 -0.2581756360096E-05  0.4080862802487E-05  0.1086849150446E-18  0.1944399166502E-18  0.1910233572263E-11 !!!!
               PFSQIF 2D3 -0.2810873821405E-05  0.3887836598167E-05  0.8343274530455E-19  0.1508879372010E-18  0.6733997719582E-12 !!!!
              PFCQLNG 2D1 -0.3555564290808E-07  0.1413389467871E-08  0.0000000000000E+00  0.0000000000000E+00  0.0000000000000E+00     
              PFCQNNG 2D1 -0.5285014021662E-06  0.8788562329576E-08  0.0000000000000E+00  0.0000000000000E+00  0.0000000000000E+00     
               PFSQRF 2D3 -0.2581756360096E-05  0.4080862802487E-05  0.1086849150446E-18  0.1857804727577E-18  0.1921937795039E-11 !!!!
               PFSQSF 2D3 -0.2768876986308E-05  0.3860349895496E-05  0.8216219588367E-19  0.1485312296220E-18  0.6667169913732E-12 !!!!
              PFCQRNG 2D1 -0.3555564290808E-07  0.1413389467871E-08  0.0000000000000E+00  0.0000000000000E+00  0.0000000000000E+00     
              PFCQSNG 2D1 -0.5285014021662E-06  0.8788562329576E-08  0.0000000000000E+00  0.0000000000000E+00  0.0000000000000E+00     
             PFSQLTUR 2D1 -0.8115949343062E-06  0.2653456385227E-06  0.0000000000000E+00  0.0000000000000E+00  0.0000000000000E+00     
             PFSQITUR 2D1 -0.2651690301090E-05  0.3864567769232E-06  0.0000000000000E+00  0.0000000000000E+00  0.0000000000000E+00     
               PFPLSL 2D1  0.0000000000000E+00  0.0000000000000E+00  0.0000000000000E+00  0.0000000000000E+00  0.0000000000000E+00     
               PFPLSN 2D3  0.0000000000000E+00  0.2969958004108E-04  0.1634773588201E-18  0.3833587296267E-18  0.2214471953352E-12     
               PFHPSL 2D1 -0.0000000000000E+00 -0.0000000000000E+00  0.0000000000000E+00  0.0000000000000E+00  0.0000000000000E+00     
               PFHPSN 2D3 -0.8418345962643E+02 -0.0000000000000E+00  0.4618527782441E-12  0.1086972586023E-11  0.2215169467886E-12     
       TENDENCY_LOC%A 2D3 -0.2777777777778E-03  0.2631309809623E-03  0.1785714859402E-16  0.2061272233219E-17  0.4516133141713E-12 !!!!
       TENDENCY_LOC%Q 2D1 -0.1997382404851E-07  0.1495580073796E-07  0.1806976048122E-20  0.8636297329458E-21  0.0000000000000E+00     
       TENDENCY_LOC%T 2D3 -0.4132200394167E-04  0.5435278446361E-04  0.5211793724456E-17  0.2774665749429E-17  0.1248784487098E-11 !!!!
     TENDENCY_LOC%CLD 3D1 -0.1222481036148E-07  0.9816546350973E-08  0.5053039566933E-21  0.3876223463278E-21  0.0000000000000E+00     
