cpu-bind=MASK - ault10, task  0  0 [2546682]: mask 0xffff000000000000ffff set
     NUMPROC=1, NUMOMP=32, NGPTOTG=65536, NPROMA=8, NGPBLKS=8192
 Reference MFLOP count for 100 columns :  12.48232900
     NUMOMP    NGPTOT  #GP-cols     #BLKS    NPROMA tid# : Time(msec)  MFlops/s     col/s
         32     65536      2032       254         8    0 :        337       752    194383 @ rank#0:core#64
         32     65536      2048       256         8    1 :        337       757    194241 @ rank#0:core#0
         32     65536      2048       256         8    2 :        336       759    194642 @ rank#0:core#65
         32     65536      2048       256         8    3 :        337       757    194291 @ rank#0:core#1
         32     65536      2048       256         8    4 :        336       758    194544 @ rank#0:core#66
         32     65536      2048       256         8    5 :        337       757    194311 @ rank#0:core#2
         32     65536      2048       256         8    6 :        337       758    194353 @ rank#0:core#3
         32     65536      2040       255         8    7 :        337       754    194284 @ rank#0:core#67
         32     65536      2048       256         8    8 :        337       757    194136 @ rank#0:core#68
         32     65536      2048       256         8    9 :        337       757    194314 @ rank#0:core#4
         32     65536      2048       256         8   10 :        336       758    194472 @ rank#0:core#5
         32     65536      2048       256         8   11 :        336       759    194581 @ rank#0:core#69
         32     65536      2048       256         8   12 :        337       757    194144 @ rank#0:core#70
         32     65536      2040       255         8   13 :        337       755    194422 @ rank#0:core#6
         32     65536      2040       255         8   14 :        337       755    194400 @ rank#0:core#7
         32     65536      2056       257         8   15 :        337       760    194188 @ rank#0:core#71
         32     65536      2048       256         8   16 :        337       757    194222 @ rank#0:core#72
         32     65536      2056       257         8   17 :        337       760    194226 @ rank#0:core#8
         32     65536      2040       255         8   18 :        336       755    194484 @ rank#0:core#9
         32     65536      2048       256         8   19 :        337       757    194252 @ rank#0:core#73
         32     65536      2040       255         8   20 :        337       754    194226 @ rank#0:core#74
         32     65536      2048       256         8   21 :        337       757    194227 @ rank#0:core#10
         32     65536      2056       257         8   22 :        337       760    194096 @ rank#0:core#11
         32     65536      2056       257         8   23 :        337       760    194087 @ rank#0:core#75
         32     65536      2056       257         8   24 :        337       759    194073 @ rank#0:core#76
         32     65536      2040       255         8   25 :        337       755    194464 @ rank#0:core#12
         32     65536      2056       257         8   26 :        337       759    194027 @ rank#0:core#13
         32     65536      2056       257         8   27 :        337       760    194102 @ rank#0:core#77
         32     65536      2056       257         8   28 :        337       760    194218 @ rank#0:core#78
         32     65536      2056       257         8   29 :        337       761    194431 @ rank#0:core#14
         32     65536      2040       255         8   30 :        336       755    194471 @ rank#0:core#15
         32     65536      2048       256         8   31 :        336       758    194558 @ rank#0:core#79
         32     65536     65536      8192         8   -1 :        337     24213    193979 : TOTAL @ rank#0
    1 x  32     65536     65536      8192         8   -1 :        337     24213    193979 : TOTAL
             Variable Dim             MinValue             MaxValue            AbsMaxErr         AvgAbsErr/GP          MaxRelErr-%
                PLUDE 2D1  0.0000000000000E+00  0.1026720108982E-03  0.0000000000000E+00  0.0000000000000E+00  0.0000000000000E+00     
             PCOVPTOT 2D3  0.0000000000000E+00  0.1000000000000E+01  0.2442490654175E-14  0.1338342338090E-14  0.5022130491041E-14     
     PRAINFRAC_TOPRFZ 1D1  0.0000000000000E+00  0.0000000000000E+00  0.0000000000000E+00  0.0000000000000E+00  0.0000000000000E+00     
               PFSQLF 2D3 -0.2581756360096E-05  0.4080862802487E-05  0.1086849150446E-18  0.1945213015752E-18  0.1910388480940E-11 !!!!
               PFSQIF 2D3 -0.2810873821405E-05  0.3887836598167E-05  0.8343274530455E-19  0.1508672984074E-18  0.6732768283227E-12 !!!!
              PFCQLNG 2D1 -0.3555564290808E-07  0.1413389467871E-08  0.0000000000000E+00  0.0000000000000E+00  0.0000000000000E+00     
              PFCQNNG 2D1 -0.5285014021662E-06  0.8788562329576E-08  0.0000000000000E+00  0.0000000000000E+00  0.0000000000000E+00     
               PFSQRF 2D3 -0.2581756360096E-05  0.4080862802487E-05  0.1086849150446E-18  0.1858582377578E-18  0.1922091149529E-11 !!!!
               PFSQSF 2D3 -0.2768876986308E-05  0.3860349895496E-05  0.8216219588367E-19  0.1485114200940E-18  0.6665957274964E-12 !!!!
              PFCQRNG 2D1 -0.3555564290808E-07  0.1413389467871E-08  0.0000000000000E+00  0.0000000000000E+00  0.0000000000000E+00     
              PFCQSNG 2D1 -0.5285014021662E-06  0.8788562329576E-08  0.0000000000000E+00  0.0000000000000E+00  0.0000000000000E+00     
             PFSQLTUR 2D1 -0.8115949343062E-06  0.2653456385227E-06  0.0000000000000E+00  0.0000000000000E+00  0.0000000000000E+00     
             PFSQITUR 2D1 -0.2651690301090E-05  0.3864567769232E-06  0.0000000000000E+00  0.0000000000000E+00  0.0000000000000E+00     
               PFPLSL 2D1  0.0000000000000E+00  0.0000000000000E+00  0.0000000000000E+00  0.0000000000000E+00  0.0000000000000E+00     
               PFPLSN 2D3  0.0000000000000E+00  0.2969958004108E-04  0.1634773588201E-18  0.3833249833863E-18  0.2213728981017E-12     
               PFHPSL 2D1 -0.0000000000000E+00 -0.0000000000000E+00  0.0000000000000E+00  0.0000000000000E+00  0.0000000000000E+00     
               PFHPSN 2D3 -0.8418345962643E+02 -0.0000000000000E+00  0.4618527782441E-12  0.1086876711291E-11  0.2214425872620E-12     
       TENDENCY_LOC%A 2D3 -0.2777777777778E-03  0.2631309809623E-03  0.1785714859402E-16  0.2061980663381E-17  0.4517530629812E-12 !!!!
       TENDENCY_LOC%Q 2D1 -0.1997382404851E-07  0.1495580073796E-07  0.1806976048122E-20  0.8635680089311E-21  0.0000000000000E+00     
       TENDENCY_LOC%T 2D3 -0.4132200394167E-04  0.5435278446361E-04  0.5211793724456E-17  0.2774545663706E-17  0.1248503062446E-11 !!!!
     TENDENCY_LOC%CLD 3D1 -0.1222481036148E-07  0.9816546350973E-08  0.5053039566933E-21  0.3876335902896E-21  0.0000000000000E+00     
