cpu-bind=MASK - ault10, task  0  0 [2535155]: mask 0xffff000000000000ffff set
     NUMPROC=1, NUMOMP=32, NGPTOTG=16384, NPROMA=128, NGPBLKS=128
 Reference MFLOP count for 100 columns :  12.48232900
     NUMOMP    NGPTOT  #GP-cols     #BLKS    NPROMA tid# : Time(msec)  MFlops/s     col/s
         32     16384       512         4       128    0 :        109       582    149350 @ rank#0:core#64
         32     16384       512         4       128    1 :        115       555    142312 @ rank#0:core#0
         32     16384       512         4       128    2 :        117       544    139659 @ rank#0:core#1
         32     16384       512         4       128    3 :        116       546    140090 @ rank#0:core#1
         32     16384       512         4       128    4 :        117       544    139672 @ rank#0:core#66
         32     16384       512         4       128    5 :        116       549    140745 @ rank#0:core#2
         32     16384       512         4       128    6 :        117       546    139993 @ rank#0:core#3
         32     16384       512         4       128    7 :        117       545    139790 @ rank#0:core#67
         32     16384       512         4       128    8 :        117       543    139446 @ rank#0:core#68
         32     16384       512         4       128    9 :        116       547    140423 @ rank#0:core#4
         32     16384       512         4       128   10 :        115       551    141440 @ rank#0:core#5
         32     16384       512         4       128   11 :        117       545    139799 @ rank#0:core#69
         32     16384       512         4       128   12 :        115       551    141439 @ rank#0:core#70
         32     16384       512         4       128   13 :        117       543    139257 @ rank#0:core#6
         32     16384       512         4       128   14 :        117       544    139486 @ rank#0:core#7
         32     16384       512         4       128   15 :        116       547    140450 @ rank#0:core#71
         32     16384       512         4       128   16 :        114       559    143343 @ rank#0:core#72
         32     16384       512         4       128   17 :        115       551    141440 @ rank#0:core#8
         32     16384       512         4       128   18 :        114       555    142512 @ rank#0:core#9
         32     16384       512         4       128   19 :        114       557    142997 @ rank#0:core#73
         32     16384       512         4       128   20 :        114       558    143156 @ rank#0:core#74
         32     16384       512         4       128   21 :        115       551    141386 @ rank#0:core#10
         32     16384       512         4       128   22 :        114       556    142757 @ rank#0:core#11
         32     16384       512         4       128   23 :        115       554    142233 @ rank#0:core#75
         32     16384       512         4       128   24 :        116       550    141190 @ rank#0:core#76
         32     16384       512         4       128   25 :        116       549    140839 @ rank#0:core#12
         32     16384       512         4       128   26 :        116       548    140495 @ rank#0:core#13
         32     16384       512         4       128   27 :        116       548    140514 @ rank#0:core#77
         32     16384       512         4       128   28 :        116       549    140893 @ rank#0:core#78
         32     16384       512         4       128   29 :        116       548    140598 @ rank#0:core#14
         32     16384       512         4       128   30 :        116       548    140727 @ rank#0:core#15
         32     16384       512         4       128   31 :        116       547    140364 @ rank#0:core#79
         32     16384     16384       128       128   -1 :        117     17363    139107 : TOTAL @ rank#0
    1 x  32     16384     16384       128       128   -1 :        117     17363    139107 : TOTAL
             Variable Dim             MinValue             MaxValue            AbsMaxErr         AvgAbsErr/GP          MaxRelErr-%
                PLUDE 2D1  0.0000000000000E+00  0.1026720108982E-03  0.0000000000000E+00  0.0000000000000E+00  0.0000000000000E+00     
             PCOVPTOT 2D3  0.0000000000000E+00  0.1000000000000E+01  0.2442490654175E-14  0.1338011359966E-14  0.5020685483033E-14     
     PRAINFRAC_TOPRFZ 1D1  0.0000000000000E+00  0.0000000000000E+00  0.0000000000000E+00  0.0000000000000E+00  0.0000000000000E+00     
               PFSQLF 2D3 -0.2581756360096E-05  0.4080862802487E-05  0.1086849150446E-18  0.1944013506306E-18  0.1911172639918E-11 !!!!
               PFSQIF 2D3 -0.2810873821405E-05  0.3887836598167E-05  0.8343274530455E-19  0.1508943707971E-18  0.6731932814667E-12 !!!!
              PFCQLNG 2D1 -0.3555564290808E-07  0.1413389467871E-08  0.0000000000000E+00  0.0000000000000E+00  0.0000000000000E+00     
              PFCQNNG 2D1 -0.5285014021662E-06  0.8788562329576E-08  0.0000000000000E+00  0.0000000000000E+00  0.0000000000000E+00     
               PFSQRF 2D3 -0.2581756360096E-05  0.4080862802487E-05  0.1086849150446E-18  0.1857431000511E-18  0.1922865746361E-11 !!!!
               PFSQSF 2D3 -0.2768876986308E-05  0.3860349895496E-05  0.8216219588367E-19  0.1485387679977E-18  0.6665073822603E-12 !!!!
              PFCQRNG 2D1 -0.3555564290808E-07  0.1413389467871E-08  0.0000000000000E+00  0.0000000000000E+00  0.0000000000000E+00     
              PFCQSNG 2D1 -0.5285014021662E-06  0.8788562329576E-08  0.0000000000000E+00  0.0000000000000E+00  0.0000000000000E+00     
             PFSQLTUR 2D1 -0.8115949343062E-06  0.2653456385227E-06  0.0000000000000E+00  0.0000000000000E+00  0.0000000000000E+00     
             PFSQITUR 2D1 -0.2651690301090E-05  0.3864567769232E-06  0.0000000000000E+00  0.0000000000000E+00  0.0000000000000E+00     
               PFPLSL 2D1  0.0000000000000E+00  0.0000000000000E+00  0.0000000000000E+00  0.0000000000000E+00  0.0000000000000E+00     
               PFPLSN 2D3  0.0000000000000E+00  0.2969958004108E-04  0.1634773588201E-18  0.3833711721310E-18  0.2213881336957E-12     
               PFHPSL 2D1 -0.0000000000000E+00 -0.0000000000000E+00  0.0000000000000E+00  0.0000000000000E+00  0.0000000000000E+00     
               PFHPSN 2D3 -0.8418345962643E+02 -0.0000000000000E+00  0.4618527782441E-12  0.1087007276171E-11  0.2214577464993E-12     
       TENDENCY_LOC%A 2D3 -0.2777777777778E-03  0.2631309809623E-03  0.1785714859402E-16  0.2061038767448E-17  0.4515343292534E-12 !!!!
       TENDENCY_LOC%Q 2D1 -0.1997382404851E-07  0.1495580073796E-07  0.1806976048122E-20  0.8634990507167E-21  0.0000000000000E+00     
       TENDENCY_LOC%T 2D3 -0.4132200394167E-04  0.5435278446361E-04  0.5211793724456E-17  0.2774253622581E-17  0.1248663988880E-11 !!!!
     TENDENCY_LOC%CLD 3D1 -0.1222481036148E-07  0.9816546350973E-08  0.5053039566933E-21  0.3875591614177E-21  0.0000000000000E+00     
