cpu-bind=MASK - ault10, task  0  0 [2533669]: mask 0xffff000000000000ffff set
     NUMPROC=1, NUMOMP=32, NGPTOTG=16384, NPROMA=64, NGPBLKS=256
 Reference MFLOP count for 100 columns :  12.48232900
     NUMOMP    NGPTOT  #GP-cols     #BLKS    NPROMA tid# : Time(msec)  MFlops/s     col/s
         32     16384       512         8        64    0 :        106       598    153345 @ rank#0:core#64
         32     16384       512         8        64    1 :        109       581    149155 @ rank#0:core#0
         32     16384       448         7        64    2 :        103       541    158588 @ rank#0:core#65
         32     16384       512         8        64    3 :        110       577    148093 @ rank#0:core#1
         32     16384       512         8        64    4 :        110       580    148753 @ rank#0:core#66
         32     16384       512         8        64    5 :        111       573    146902 @ rank#0:core#2
         32     16384       512         8        64    6 :        110       576    147667 @ rank#0:core#3
         32     16384       448         7        64    7 :        103       539    158101 @ rank#0:core#67
         32     16384       512         8        64    8 :        110       580    148792 @ rank#0:core#68
         32     16384       448         7        64    9 :        104       536    157068 @ rank#0:core#4
         32     16384       512         8        64   10 :        110       580    148781 @ rank#0:core#5
         32     16384       448         7        64   11 :        104       535    156961 @ rank#0:core#69
         32     16384       448         7        64   12 :        104       534    156643 @ rank#0:core#70
         32     16384       448         7        64   13 :        104       535    156854 @ rank#0:core#6
         32     16384       448         7        64   14 :        104       534    156698 @ rank#0:core#7
         32     16384       448         7        64   15 :        104       536    157304 @ rank#0:core#71
         32     16384       576         9        64   16 :        110       648    147733 @ rank#0:core#72
         32     16384       576         9        64   17 :        111       643    146667 @ rank#0:core#8
         32     16384       576         9        64   18 :        109       656    149502 @ rank#0:core#9
         32     16384       576         9        64   19 :        111       646    147233 @ rank#0:core#73
         32     16384       576         9        64   20 :        109       657    149850 @ rank#0:core#74
         32     16384       576         9        64   21 :        111       645    147139 @ rank#0:core#10
         32     16384       576         9        64   22 :        111       644    146837 @ rank#0:core#11
         32     16384       576         9        64   23 :        110       651    148545 @ rank#0:core#75
         32     16384       512         8        64   24 :        108       590    151430 @ rank#0:core#76
         32     16384       512         8        64   25 :        107       596    153041 @ rank#0:core#12
         32     16384       512         8        64   26 :        108       591    151604 @ rank#0:core#13
         32     16384       512         8        64   27 :        104       609    156218 @ rank#0:core#77
         32     16384       512         8        64   28 :        107       594    152329 @ rank#0:core#78
         32     16384       512         8        64   29 :        107       597    153101 @ rank#0:core#14
         32     16384       512         8        64   30 :        105       608    156015 @ rank#0:core#15
         32     16384       512         8        64   31 :        105       603    154805 @ rank#0:core#79
         32     16384     16384       256        64   -1 :        111     18286    146501 : TOTAL @ rank#0
    1 x  32     16384     16384       256        64   -1 :        111     18286    146501 : TOTAL
             Variable Dim             MinValue             MaxValue            AbsMaxErr         AvgAbsErr/GP          MaxRelErr-%
                PLUDE 2D1  0.0000000000000E+00  0.1026720108982E-03  0.0000000000000E+00  0.0000000000000E+00  0.0000000000000E+00     
             PCOVPTOT 2D3  0.0000000000000E+00  0.1000000000000E+01  0.2442490654175E-14  0.1338011359966E-14  0.5020685483033E-14     
     PRAINFRAC_TOPRFZ 1D1  0.0000000000000E+00  0.0000000000000E+00  0.0000000000000E+00  0.0000000000000E+00  0.0000000000000E+00     
               PFSQLF 2D3 -0.2581756360096E-05  0.4080862802487E-05  0.1086849150446E-18  0.1944013506306E-18  0.1911172639918E-11 !!!!
               PFSQIF 2D3 -0.2810873821405E-05  0.3887836598167E-05  0.8343274530455E-19  0.1508943707971E-18  0.6731932814666E-12 !!!!
              PFCQLNG 2D1 -0.3555564290808E-07  0.1413389467871E-08  0.0000000000000E+00  0.0000000000000E+00  0.0000000000000E+00     
              PFCQNNG 2D1 -0.5285014021662E-06  0.8788562329576E-08  0.0000000000000E+00  0.0000000000000E+00  0.0000000000000E+00     
               PFSQRF 2D3 -0.2581756360096E-05  0.4080862802487E-05  0.1086849150446E-18  0.1857431000511E-18  0.1922865746361E-11 !!!!
               PFSQSF 2D3 -0.2768876986308E-05  0.3860349895496E-05  0.8216219588367E-19  0.1485387679977E-18  0.6665073822603E-12 !!!!
              PFCQRNG 2D1 -0.3555564290808E-07  0.1413389467871E-08  0.0000000000000E+00  0.0000000000000E+00  0.0000000000000E+00     
              PFCQSNG 2D1 -0.5285014021662E-06  0.8788562329576E-08  0.0000000000000E+00  0.0000000000000E+00  0.0000000000000E+00     
             PFSQLTUR 2D1 -0.8115949343062E-06  0.2653456385227E-06  0.0000000000000E+00  0.0000000000000E+00  0.0000000000000E+00     
             PFSQITUR 2D1 -0.2651690301090E-05  0.3864567769232E-06  0.0000000000000E+00  0.0000000000000E+00  0.0000000000000E+00     
               PFPLSL 2D1  0.0000000000000E+00  0.0000000000000E+00  0.0000000000000E+00  0.0000000000000E+00  0.0000000000000E+00     
               PFPLSN 2D3  0.0000000000000E+00  0.2969958004108E-04  0.1634773588201E-18  0.3833711721310E-18  0.2213881336957E-12     
               PFHPSL 2D1 -0.0000000000000E+00 -0.0000000000000E+00  0.0000000000000E+00  0.0000000000000E+00  0.0000000000000E+00     
               PFHPSN 2D3 -0.8418345962643E+02 -0.0000000000000E+00  0.4618527782441E-12  0.1087007276171E-11  0.2214577464993E-12     
       TENDENCY_LOC%A 2D3 -0.2777777777778E-03  0.2631309809623E-03  0.1785714859402E-16  0.2061038767448E-17  0.4515343292534E-12 !!!!
       TENDENCY_LOC%Q 2D1 -0.1997382404851E-07  0.1495580073796E-07  0.1806976048122E-20  0.8634990507167E-21  0.0000000000000E+00     
       TENDENCY_LOC%T 2D3 -0.4132200394167E-04  0.5435278446361E-04  0.5211793724456E-17  0.2774253622581E-17  0.1248663988880E-11 !!!!
     TENDENCY_LOC%CLD 3D1 -0.1222481036148E-07  0.9816546350973E-08  0.5053039566933E-21  0.3875591614177E-21  0.0000000000000E+00     
