cpu-bind=MASK - ault07, task  0  0 [1897139]: mask 0xffff000000000000ffff set
     NUMPROC=1, NUMOMP=32, NGPTOTG=262144, NPROMA=64, NGPBLKS=4096
 Reference MFLOP count for 100 columns :  12.48232900
     NUMOMP    NGPTOT  #GP-cols     #BLKS    NPROMA tid# : Time(msec)  MFlops/s     col/s
         32    262144      7424       116        64    0 :       1332       695    196710 @ rank#0:core#64
         32    262144      8320       130        64    1 :       1336       777    196199 @ rank#0:core#0
         32    262144      8256       129        64    2 :       1332       773    196761 @ rank#0:core#65
         32    262144      8256       129        64    3 :       1338       770    195910 @ rank#0:core#1
         32    262144      8256       129        64    4 :       1338       770    195903 @ rank#0:core#66
         32    262144      8256       129        64    5 :       1334       772    196412 @ rank#0:core#2
         32    262144      8192       128        64    6 :       1335       765    196222 @ rank#0:core#3
         32    262144      8256       129        64    7 :       1339       769    195676 @ rank#0:core#67
         32    262144      8064       126        64    8 :       1340       751    195628 @ rank#0:core#68
         32    262144      8128       127        64    9 :       1337       758    195952 @ rank#0:core#4
         32    262144      8128       127        64   10 :       1336       759    196178 @ rank#0:core#5
         32    262144      8192       128        64   11 :       1338       763    195856 @ rank#0:core#69
         32    262144      8192       128        64   12 :       1339       763    195692 @ rank#0:core#70
         32    262144      8128       127        64   13 :       1335       759    196319 @ rank#0:core#6
         32    262144      8128       127        64   14 :       1339       757    195734 @ rank#0:core#7
         32    262144      8128       127        64   15 :       1334       760    196431 @ rank#0:core#71
         32    262144      8320       130        64   16 :       1340       774    195588 @ rank#0:core#72
         32    262144      8256       129        64   17 :       1338       769    195858 @ rank#0:core#8
         32    262144      8256       129        64   18 :       1331       773    196809 @ rank#0:core#9
         32    262144      8320       130        64   19 :       1336       777    196149 @ rank#0:core#73
         32    262144      8320       130        64   20 :       1339       775    195773 @ rank#0:core#74
         32    262144      8256       129        64   21 :       1334       772    196415 @ rank#0:core#10
         32    262144      8320       130        64   22 :       1333       778    196568 @ rank#0:core#11
         32    262144      8384       131        64   23 :       1336       782    196122 @ rank#0:core#75
         32    262144      8192       128        64   24 :       1336       765    196154 @ rank#0:core#76
         32    262144      8192       128        64   25 :       1340       762    195591 @ rank#0:core#12
         32    262144      8128       127        64   26 :       1340       756    195509 @ rank#0:core#13
         32    262144      8128       127        64   27 :       1339       757    195690 @ rank#0:core#77
         32    262144      8192       128        64   28 :       1339       763    195673 @ rank#0:core#78
         32    262144      8128       127        64   29 :       1340       756    195517 @ rank#0:core#14
         32    262144      8256       129        64   30 :       1340       768    195523 @ rank#0:core#15
         32    262144      8192       128        64   31 :       1339       763    195719 @ rank#0:core#79
         32    262144    262144      4096        64   -1 :       1340     24401    195486 : TOTAL @ rank#0
    1 x  32    262144    262144      4096        64   -1 :       1340     24401    195486 : TOTAL
             Variable Dim             MinValue             MaxValue            AbsMaxErr         AvgAbsErr/GP          MaxRelErr-%
                PLUDE 2D1  0.0000000000000E+00  0.1026720108982E-03  0.0000000000000E+00  0.0000000000000E+00  0.0000000000000E+00     
             PCOVPTOT 2D3  0.0000000000000E+00  0.1000000000000E+01  0.2442490654175E-14  0.1338449170120E-14  0.5022634984648E-14     
     PRAINFRAC_TOPRFZ 1D1  0.0000000000000E+00  0.0000000000000E+00  0.0000000000000E+00  0.0000000000000E+00  0.0000000000000E+00     
               PFSQLF 2D3 -0.2581756360096E-05  0.4080862802487E-05  0.1086849150446E-18  0.1944827154974E-18  0.1909879370414E-11 !!!!
               PFSQIF 2D3 -0.2810873821405E-05  0.3887836598167E-05  0.8343274530455E-19  0.1508587726554E-18  0.6732185202831E-12 !!!!
              PFCQLNG 2D1 -0.3555564290808E-07  0.1413389467871E-08  0.0000000000000E+00  0.0000000000000E+00  0.0000000000000E+00     
              PFCQNNG 2D1 -0.5285014021662E-06  0.8788562329576E-08  0.0000000000000E+00  0.0000000000000E+00  0.0000000000000E+00     
               PFSQRF 2D3 -0.2581756360096E-05  0.4080862802487E-05  0.1086849150446E-18  0.1858211185967E-18  0.1921578856384E-11 !!!!
               PFSQSF 2D3 -0.2768876986308E-05  0.3860349895496E-05  0.8216219588367E-19  0.1485029857133E-18  0.6665363521197E-12 !!!!
              PFCQRNG 2D1 -0.3555564290808E-07  0.1413389467871E-08  0.0000000000000E+00  0.0000000000000E+00  0.0000000000000E+00     
              PFCQSNG 2D1 -0.5285014021662E-06  0.8788562329576E-08  0.0000000000000E+00  0.0000000000000E+00  0.0000000000000E+00     
             PFSQLTUR 2D1 -0.8115949343062E-06  0.2653456385227E-06  0.0000000000000E+00  0.0000000000000E+00  0.0000000000000E+00     
             PFSQITUR 2D1 -0.2651690301090E-05  0.3864567769232E-06  0.0000000000000E+00  0.0000000000000E+00  0.0000000000000E+00     
               PFPLSL 2D1  0.0000000000000E+00  0.0000000000000E+00  0.0000000000000E+00  0.0000000000000E+00  0.0000000000000E+00     
               PFPLSN 2D3  0.0000000000000E+00  0.2969958004108E-04  0.1634773588201E-18  0.3833205973066E-18  0.2213617314798E-12     
               PFHPSL 2D1 -0.0000000000000E+00 -0.0000000000000E+00  0.0000000000000E+00  0.0000000000000E+00  0.0000000000000E+00     
               PFHPSN 2D3 -0.8418345962643E+02 -0.0000000000000E+00  0.4618527782441E-12  0.1086864570289E-11  0.2214314772787E-12     
       TENDENCY_LOC%A 2D3 -0.2777777777778E-03  0.2631309809623E-03  0.1785714859402E-16  0.2061969643246E-17  0.4517092612077E-12 !!!!
       TENDENCY_LOC%Q 2D3 -0.1997382404851E-07  0.1495580073796E-07  0.1806976048122E-20  0.8635259987013E-21  0.1102412406643E-11 !!!!
       TENDENCY_LOC%T 2D3 -0.4132200394167E-04  0.5435278446361E-04  0.5211793724456E-17  0.2774436649255E-17  0.1248479237774E-11 !!!!
     TENDENCY_LOC%CLD 3D1 -0.1222481036148E-07  0.9816546350973E-08  0.5053039566933E-21  0.3876127713135E-21  0.0000000000000E+00     
