cpu-bind=MASK - ault10, task  0  0 [2536986]: mask 0xffff000000000000ffff set
     NUMPROC=1, NUMOMP=32, NGPTOTG=32768, NPROMA=1, NGPBLKS=32768
 Reference MFLOP count for 100 columns :  12.48232900
     NUMOMP    NGPTOT  #GP-cols     #BLKS    NPROMA tid# : Time(msec)  MFlops/s     col/s
         32     32768      1031      1031         1    0 :        753       170     43500 @ rank#0:core#64
         32     32768      1030      1030         1    1 :        752       170     43537 @ rank#0:core#0
         32     32768      1040      1040         1    2 :        752       172     43525 @ rank#0:core#1
         32     32768      1029      1029         1    3 :        752       170     43521 @ rank#0:core#1
         32     32768      1034      1034         1    4 :        752       171     43520 @ rank#0:core#66
         32     32768      1032      1032         1    5 :        752       171     43523 @ rank#0:core#2
         32     32768      1029      1029         1    6 :        753       170     43508 @ rank#0:core#3
         32     32768      1034      1034         1    7 :        752       171     43525 @ rank#0:core#67
         32     32768      1041      1041         1    8 :        752       172     43522 @ rank#0:core#68
         32     32768      1040      1040         1    9 :        752       172     43523 @ rank#0:core#4
         32     32768      1038      1038         1   10 :        752       172     43521 @ rank#0:core#5
         32     32768      1038      1038         1   11 :        753       172     43514 @ rank#0:core#69
         32     32768      1040      1040         1   12 :        752       172     43519 @ rank#0:core#70
         32     32768      1036      1036         1   13 :        753       171     43503 @ rank#0:core#6
         32     32768      1041      1041         1   14 :        753       172     43513 @ rank#0:core#7
         32     32768      1037      1037         1   15 :        753       171     43506 @ rank#0:core#71
         32     32768      1014      1014         1   16 :        752       168     43516 @ rank#0:core#72
         32     32768      1010      1010         1   17 :        752       167     43516 @ rank#0:core#8
         32     32768      1014      1014         1   18 :        752       168     43525 @ rank#0:core#9
         32     32768      1012      1012         1   19 :        752       167     43526 @ rank#0:core#73
         32     32768      1010      1010         1   20 :        752       167     43524 @ rank#0:core#74
         32     32768      1008      1008         1   21 :        752       167     43526 @ rank#0:core#10
         32     32768      1009      1009         1   22 :        752       167     43520 @ rank#0:core#11
         32     32768      1013      1013         1   23 :        752       167     43522 @ rank#0:core#75
         32     32768      1012      1012         1   24 :        752       167     43519 @ rank#0:core#76
         32     32768      1015      1015         1   25 :        752       168     43517 @ rank#0:core#12
         32     32768      1015      1015         1   26 :        753       168     43506 @ rank#0:core#13
         32     32768      1012      1012         1   27 :        752       167     43525 @ rank#0:core#77
         32     32768      1015      1015         1   28 :        753       168     43501 @ rank#0:core#78
         32     32768      1013      1013         1   29 :        752       167     43524 @ rank#0:core#14
         32     32768      1016      1016         1   30 :        753       168     43502 @ rank#0:core#15
         32     32768      1010      1010         1   31 :        753       167     43505 @ rank#0:core#79
         32     32768     32768     32768         1   -1 :        753      5429     43495 : TOTAL @ rank#0
    1 x  32     32768     32768     32768         1   -1 :        753      5429     43495 : TOTAL
             Variable Dim             MinValue             MaxValue            AbsMaxErr         AvgAbsErr/GP          MaxRelErr-%
                PLUDE 2D1  0.0000000000000E+00  0.1026720108982E-03  0.0000000000000E+00  0.0000000000000E+00  0.0000000000000E+00     
             PCOVPTOT 2D1  0.0000000000000E+00  0.1000000000000E+01  0.0000000000000E+00  0.0000000000000E+00  0.0000000000000E+00     
     PRAINFRAC_TOPRFZ 1D1  0.0000000000000E+00  0.0000000000000E+00  0.0000000000000E+00  0.0000000000000E+00  0.0000000000000E+00     
               PFSQLF 2D1 -0.2581756360096E-05  0.4080862802487E-05  0.1323488980085E-20  0.2339398442651E-21  0.0000000000000E+00     
               PFSQIF 2D1 -0.2810873821405E-05  0.3887836598167E-05  0.6617444900424E-21  0.1677835706162E-21  0.0000000000000E+00     
              PFCQLNG 2D1 -0.3555564290808E-07  0.1413389467871E-08  0.0000000000000E+00  0.0000000000000E+00  0.0000000000000E+00     
              PFCQNNG 2D1 -0.5285014021662E-06  0.8788562329576E-08  0.0000000000000E+00  0.0000000000000E+00  0.0000000000000E+00     
               PFSQRF 2D1 -0.2581756360096E-05  0.4080862802487E-05  0.1323488980085E-20  0.2114185596187E-21  0.0000000000000E+00     
               PFSQSF 2D1 -0.2768876986308E-05  0.3860349895496E-05  0.6749793798433E-21  0.1670052615144E-21  0.0000000000000E+00     
              PFCQRNG 2D1 -0.3555564290808E-07  0.1413389467871E-08  0.0000000000000E+00  0.0000000000000E+00  0.0000000000000E+00     
              PFCQSNG 2D1 -0.5285014021662E-06  0.8788562329576E-08  0.0000000000000E+00  0.0000000000000E+00  0.0000000000000E+00     
             PFSQLTUR 2D1 -0.8115949343062E-06  0.2653456385227E-06  0.0000000000000E+00  0.0000000000000E+00  0.0000000000000E+00     
             PFSQITUR 2D1 -0.2651690301090E-05  0.3864567769232E-06  0.0000000000000E+00  0.0000000000000E+00  0.0000000000000E+00     
               PFPLSL 2D1  0.0000000000000E+00  0.0000000000000E+00  0.0000000000000E+00  0.0000000000000E+00  0.0000000000000E+00     
               PFPLSN 2D1  0.0000000000000E+00  0.2969958004108E-04  0.6776263578034E-20  0.1670271527201E-20  0.0000000000000E+00     
               PFHPSL 2D1 -0.0000000000000E+00 -0.0000000000000E+00  0.0000000000000E+00  0.0000000000000E+00  0.0000000000000E+00     
               PFHPSN 2D3 -0.8418345962643E+02 -0.0000000000000E+00  0.2131628207280E-13  0.4747490920352E-14  0.9675034192271E-15     
       TENDENCY_LOC%A 2D3 -0.2777777777778E-03  0.2631309809623E-03  0.3083199928006E-18  0.6943043465144E-20  0.1521182316046E-14     
       TENDENCY_LOC%Q 2D1 -0.1997382404851E-07  0.1495580073796E-07  0.1207683694327E-21  0.3624001755036E-23  0.0000000000000E+00     
       TENDENCY_LOC%T 2D3 -0.4132200394167E-04  0.5435278446361E-04  0.2964615315390E-18  0.2331797428304E-19  0.1049464230465E-13     
     TENDENCY_LOC%CLD 3D1 -0.1222481036148E-07  0.9816546350973E-08  0.2688336990797E-22  0.1144601674735E-23  0.0000000000000E+00     
