cpu-bind=MASK - ault10, task  0  0 [2529413]: mask 0xffff000000000000ffff set
     NUMPROC=1, NUMOMP=32, NGPTOTG=16384, NPROMA=4, NGPBLKS=4096
 Reference MFLOP count for 100 columns :  12.48232900
     NUMOMP    NGPTOT  #GP-cols     #BLKS    NPROMA tid# : Time(msec)  MFlops/s     col/s
         32     16384       504       126         4    0 :        121       516    134601 @ rank#0:core#64
         32     16384       516       129         4    1 :        121       529    134607 @ rank#0:core#0
         32     16384       508       127         4    2 :        121       521    134861 @ rank#0:core#1
         32     16384       512       128         4    3 :        121       525    134819 @ rank#0:core#1
         32     16384       512       128         4    4 :        121       525    134663 @ rank#0:core#66
         32     16384       516       129         4    5 :        121       529    134619 @ rank#0:core#2
         32     16384       512       128         4    6 :        122       523    134226 @ rank#0:core#3
         32     16384       516       129         4    7 :        121       529    134610 @ rank#0:core#67
         32     16384       492       123         4    8 :        121       506    135023 @ rank#0:core#68
         32     16384       504       126         4    9 :        121       518    135044 @ rank#0:core#4
         32     16384       500       125         4   10 :        121       514    135043 @ rank#0:core#5
         32     16384       500       125         4   11 :        121       514    135004 @ rank#0:core#69
         32     16384       496       124         4   12 :        121       510    135022 @ rank#0:core#70
         32     16384       492       123         4   13 :        121       506    135070 @ rank#0:core#6
         32     16384       496       124         4   14 :        121       510    135070 @ rank#0:core#7
         32     16384       492       123         4   15 :        121       506    135052 @ rank#0:core#71
         32     16384       532       133         4   16 :        121       544    134400 @ rank#0:core#72
         32     16384       528       132         4   17 :        121       541    134497 @ rank#0:core#8
         32     16384       524       131         4   18 :        121       536    134490 @ rank#0:core#9
         32     16384       528       132         4   19 :        121       542    134968 @ rank#0:core#73
         32     16384       524       131         4   20 :        121       538    135002 @ rank#0:core#74
         32     16384       532       133         4   21 :        121       545    134478 @ rank#0:core#10
         32     16384       520       130         4   22 :        121       533    134651 @ rank#0:core#11
         32     16384       528       132         4   23 :        121       541    134520 @ rank#0:core#75
         32     16384       516       129         4   24 :        121       528    134333 @ rank#0:core#76
         32     16384       512       128         4   25 :        122       523    134260 @ rank#0:core#12
         32     16384       520       130         4   26 :        122       531    134210 @ rank#0:core#13
         32     16384       504       126         4   27 :        122       515    134260 @ rank#0:core#77
         32     16384       516       129         4   28 :        121       528    134335 @ rank#0:core#78
         32     16384       512       128         4   29 :        121       523    134305 @ rank#0:core#14
         32     16384       504       126         4   30 :        121       515    134333 @ rank#0:core#15
         32     16384       516       129         4   31 :        121       528    134335 @ rank#0:core#79
         32     16384     16384      4096         4   -1 :        122     16740    134109 : TOTAL @ rank#0
    1 x  32     16384     16384      4096         4   -1 :        122     16740    134109 : TOTAL
             Variable Dim             MinValue             MaxValue            AbsMaxErr         AvgAbsErr/GP          MaxRelErr-%
                PLUDE 2D1  0.0000000000000E+00  0.1026720108982E-03  0.0000000000000E+00  0.0000000000000E+00  0.0000000000000E+00     
             PCOVPTOT 2D3  0.0000000000000E+00  0.1000000000000E+01  0.2442490654175E-14  0.1338011359966E-14  0.5020685483033E-14     
     PRAINFRAC_TOPRFZ 1D1  0.0000000000000E+00  0.0000000000000E+00  0.0000000000000E+00  0.0000000000000E+00  0.0000000000000E+00     
               PFSQLF 2D3 -0.2581756360096E-05  0.4080862802487E-05  0.1086849150446E-18  0.1944013506306E-18  0.1911172639918E-11 !!!!
               PFSQIF 2D3 -0.2810873821405E-05  0.3887836598167E-05  0.8343274530455E-19  0.1508943707971E-18  0.6731932814667E-12 !!!!
              PFCQLNG 2D1 -0.3555564290808E-07  0.1413389467871E-08  0.0000000000000E+00  0.0000000000000E+00  0.0000000000000E+00     
              PFCQNNG 2D1 -0.5285014021662E-06  0.8788562329576E-08  0.0000000000000E+00  0.0000000000000E+00  0.0000000000000E+00     
               PFSQRF 2D3 -0.2581756360096E-05  0.4080862802487E-05  0.1086849150446E-18  0.1857431000511E-18  0.1922865746361E-11 !!!!
               PFSQSF 2D3 -0.2768876986308E-05  0.3860349895496E-05  0.8216219588367E-19  0.1485387679977E-18  0.6665073822603E-12 !!!!
              PFCQRNG 2D1 -0.3555564290808E-07  0.1413389467871E-08  0.0000000000000E+00  0.0000000000000E+00  0.0000000000000E+00     
              PFCQSNG 2D1 -0.5285014021662E-06  0.8788562329576E-08  0.0000000000000E+00  0.0000000000000E+00  0.0000000000000E+00     
             PFSQLTUR 2D1 -0.8115949343062E-06  0.2653456385227E-06  0.0000000000000E+00  0.0000000000000E+00  0.0000000000000E+00     
             PFSQITUR 2D1 -0.2651690301090E-05  0.3864567769232E-06  0.0000000000000E+00  0.0000000000000E+00  0.0000000000000E+00     
               PFPLSL 2D1  0.0000000000000E+00  0.0000000000000E+00  0.0000000000000E+00  0.0000000000000E+00  0.0000000000000E+00     
               PFPLSN 2D3  0.0000000000000E+00  0.2969958004108E-04  0.1634773588201E-18  0.3833711721310E-18  0.2213881336957E-12     
               PFHPSL 2D1 -0.0000000000000E+00 -0.0000000000000E+00  0.0000000000000E+00  0.0000000000000E+00  0.0000000000000E+00     
               PFHPSN 2D3 -0.8418345962643E+02 -0.0000000000000E+00  0.4618527782441E-12  0.1087007276171E-11  0.2214577464993E-12     
       TENDENCY_LOC%A 2D3 -0.2777777777778E-03  0.2631309809623E-03  0.1785714859402E-16  0.2061038767448E-17  0.4515343292534E-12 !!!!
       TENDENCY_LOC%Q 2D1 -0.1997382404851E-07  0.1495580073796E-07  0.1806976048122E-20  0.8634990507167E-21  0.0000000000000E+00     
       TENDENCY_LOC%T 2D3 -0.4132200394167E-04  0.5435278446361E-04  0.5211793724456E-17  0.2774253622581E-17  0.1248663988880E-11 !!!!
     TENDENCY_LOC%CLD 3D1 -0.1222481036148E-07  0.9816546350973E-08  0.5053039566933E-21  0.3875591614177E-21  0.0000000000000E+00     
