cpu-bind=MASK - ault10, task  0  0 [2545144]: mask 0xffff000000000000ffff set
     NUMPROC=1, NUMOMP=32, NGPTOTG=65536, NPROMA=1, NGPBLKS=65536
 Reference MFLOP count for 100 columns :  12.48232900
     NUMOMP    NGPTOT  #GP-cols     #BLKS    NPROMA tid# : Time(msec)  MFlops/s     col/s
         32     65536      2060      2060         1    0 :       1509       170     43420 @ rank#0:core#64
         32     65536      2063      2063         1    1 :       1509       170     43417 @ rank#0:core#0
         32     65536      2070      2070         1    2 :       1508       171     43444 @ rank#0:core#65
         32     65536      2066      2066         1    3 :       1509       170     43427 @ rank#0:core#1
         32     65536      2064      2064         1    4 :       1508       170     43431 @ rank#0:core#66
         32     65536      2061      2061         1    5 :       1508       170     43432 @ rank#0:core#2
         32     65536      2074      2074         1    6 :       1508       171     43432 @ rank#0:core#3
         32     65536      2060      2060         1    7 :       1509       170     43421 @ rank#0:core#67
         32     65536      2058      2058         1    8 :       1508       170     43431 @ rank#0:core#68
         32     65536      2063      2063         1    9 :       1508       170     43432 @ rank#0:core#4
         32     65536      2057      2057         1   10 :       1509       170     43423 @ rank#0:core#5
         32     65536      2057      2057         1   11 :       1508       170     43433 @ rank#0:core#69
         32     65536      2054      2054         1   12 :       1509       169     43419 @ rank#0:core#70
         32     65536      2056      2056         1   13 :       1509       170     43419 @ rank#0:core#6
         32     65536      2049      2049         1   14 :       1509       169     43430 @ rank#0:core#7
         32     65536      2058      2058         1   15 :       1508       170     43431 @ rank#0:core#71
         32     65536      2034      2034         1   16 :       1509       168     43425 @ rank#0:core#72
         32     65536      2034      2034         1   17 :       1509       168     43426 @ rank#0:core#8
         32     65536      2021      2021         1   18 :       1509       167     43423 @ rank#0:core#9
         32     65536      2027      2027         1   19 :       1508       167     43433 @ rank#0:core#73
         32     65536      2032      2032         1   20 :       1509       168     43427 @ rank#0:core#74
         32     65536      2029      2029         1   21 :       1509       167     43429 @ rank#0:core#10
         32     65536      2033      2033         1   22 :       1509       168     43422 @ rank#0:core#11
         32     65536      2033      2033         1   23 :       1509       168     43425 @ rank#0:core#75
         32     65536      2044      2044         1   24 :       1508       169     43433 @ rank#0:core#76
         32     65536      2037      2037         1   25 :       1509       168     43425 @ rank#0:core#12
         32     65536      2042      2042         1   26 :       1508       168     43431 @ rank#0:core#13
         32     65536      2043      2043         1   27 :       1509       168     43422 @ rank#0:core#77
         32     65536      2035      2035         1   28 :       1509       168     43427 @ rank#0:core#78
         32     65536      2034      2034         1   29 :       1508       168     43430 @ rank#0:core#14
         32     65536      2047      2047         1   30 :       1508       169     43432 @ rank#0:core#15
         32     65536      2041      2041         1   31 :       1509       168     43427 @ rank#0:core#79
         32     65536     65536     65536         1   -1 :       1509      5419     43416 : TOTAL @ rank#0
    1 x  32     65536     65536     65536         1   -1 :       1509      5419     43416 : TOTAL
             Variable Dim             MinValue             MaxValue            AbsMaxErr         AvgAbsErr/GP          MaxRelErr-%
                PLUDE 2D1  0.0000000000000E+00  0.1026720108982E-03  0.0000000000000E+00  0.0000000000000E+00  0.0000000000000E+00     
             PCOVPTOT 2D1  0.0000000000000E+00  0.1000000000000E+01  0.0000000000000E+00  0.0000000000000E+00  0.0000000000000E+00     
     PRAINFRAC_TOPRFZ 1D1  0.0000000000000E+00  0.0000000000000E+00  0.0000000000000E+00  0.0000000000000E+00  0.0000000000000E+00     
               PFSQLF 2D1 -0.2581756360096E-05  0.4080862802487E-05  0.1323488980085E-20  0.2336878126723E-21  0.0000000000000E+00     
               PFSQIF 2D1 -0.2810873821405E-05  0.3887836598167E-05  0.6617444900424E-21  0.1676280703545E-21  0.0000000000000E+00     
              PFCQLNG 2D1 -0.3555564290808E-07  0.1413389467871E-08  0.0000000000000E+00  0.0000000000000E+00  0.0000000000000E+00     
              PFCQNNG 2D1 -0.5285014021662E-06  0.8788562329576E-08  0.0000000000000E+00  0.0000000000000E+00  0.0000000000000E+00     
               PFSQRF 2D1 -0.2581756360096E-05  0.4080862802487E-05  0.1323488980085E-20  0.2111907618328E-21  0.0000000000000E+00     
               PFSQSF 2D1 -0.2768876986308E-05  0.3860349895496E-05  0.6749793798433E-21  0.1668538759512E-21  0.0000000000000E+00     
              PFCQRNG 2D1 -0.3555564290808E-07  0.1413389467871E-08  0.0000000000000E+00  0.0000000000000E+00  0.0000000000000E+00     
              PFCQSNG 2D1 -0.5285014021662E-06  0.8788562329576E-08  0.0000000000000E+00  0.0000000000000E+00  0.0000000000000E+00     
             PFSQLTUR 2D1 -0.8115949343062E-06  0.2653456385227E-06  0.0000000000000E+00  0.0000000000000E+00  0.0000000000000E+00     
             PFSQITUR 2D1 -0.2651690301090E-05  0.3864567769232E-06  0.0000000000000E+00  0.0000000000000E+00  0.0000000000000E+00     
               PFPLSL 2D1  0.0000000000000E+00  0.0000000000000E+00  0.0000000000000E+00  0.0000000000000E+00  0.0000000000000E+00     
               PFPLSN 2D1  0.0000000000000E+00  0.2969958004108E-04  0.6776263578034E-20  0.1669166465601E-20  0.0000000000000E+00     
               PFHPSL 2D1 -0.0000000000000E+00 -0.0000000000000E+00  0.0000000000000E+00  0.0000000000000E+00  0.0000000000000E+00     
               PFHPSN 2D3 -0.8418345962643E+02 -0.0000000000000E+00  0.2131628207280E-13  0.4744306076471E-14  0.9666150736534E-15     
       TENDENCY_LOC%A 2D3 -0.2777777777778E-03  0.2631309809623E-03  0.3083199928006E-18  0.6941636490698E-20  0.1520821995311E-14     
       TENDENCY_LOC%Q 2D1 -0.1997382404851E-07  0.1495580073796E-07  0.1207683694327E-21  0.3623081943221E-23  0.0000000000000E+00     
       TENDENCY_LOC%T 2D3 -0.4132200394167E-04  0.5435278446361E-04  0.2964615315390E-18  0.2330245828518E-19  0.1048574940111E-13     
     TENDENCY_LOC%CLD 3D1 -0.1222481036148E-07  0.9816546350973E-08  0.2688336990797E-22  0.1143684673236E-23  0.0000000000000E+00     
