cpu-bind=MASK - ault07, task  0  0 [1895117]: mask 0xffff000000000000ffff set
     NUMPROC=1, NUMOMP=32, NGPTOTG=262144, NPROMA=16, NGPBLKS=16384
 Reference MFLOP count for 100 columns :  12.48232900
     NUMOMP    NGPTOT  #GP-cols     #BLKS    NPROMA tid# : Time(msec)  MFlops/s     col/s
         32    262144      8160       510        16    0 :       1222       833    214407 @ rank#0:core#64
         32    262144      8144       509        16    1 :       1223       831    214330 @ rank#0:core#0
         32    262144      8224       514        16    2 :       1222       839    214434 @ rank#0:core#65
         32    262144      8160       510        16    3 :       1223       832    214306 @ rank#0:core#1
         32    262144      8256       516        16    4 :       1223       842    214261 @ rank#0:core#66
         32    262144      8240       515        16    5 :       1223       840    214337 @ rank#0:core#2
         32    262144      8224       514        16    6 :       1223       839    214329 @ rank#0:core#3
         32    262144      8224       514        16    7 :       1222       839    214411 @ rank#0:core#67
         32    262144      8224       514        16    8 :       1224       838    214069 @ rank#0:core#68
         32    262144      8208       513        16    9 :       1224       836    214048 @ rank#0:core#4
         32    262144      8208       513        16   10 :       1224       836    214103 @ rank#0:core#5
         32    262144      8272       517        16   11 :       1224       843    214098 @ rank#0:core#69
         32    262144      8208       513        16   12 :       1222       837    214351 @ rank#0:core#70
         32    262144      8272       517        16   13 :       1224       843    214138 @ rank#0:core#6
         32    262144      8240       515        16   14 :       1223       840    214317 @ rank#0:core#7
         32    262144      8240       515        16   15 :       1224       840    214152 @ rank#0:core#71
         32    262144      8128       508        16   16 :       1223       829    214219 @ rank#0:core#72
         32    262144      8192       512        16   17 :       1223       835    214289 @ rank#0:core#8
         32    262144      8176       511        16   18 :       1223       833    214175 @ rank#0:core#9
         32    262144      8208       513        16   19 :       1222       838    214431 @ rank#0:core#73
         32    262144      8192       512        16   20 :       1223       835    214308 @ rank#0:core#74
         32    262144      8192       512        16   21 :       1224       835    214109 @ rank#0:core#10
         32    262144      8160       510        16   22 :       1223       832    214316 @ rank#0:core#11
         32    262144      8160       510        16   23 :       1223       832    214335 @ rank#0:core#75
         32    262144      8176       511        16   24 :       1223       834    214290 @ rank#0:core#76
         32    262144      8176       511        16   25 :       1224       833    214099 @ rank#0:core#12
         32    262144      8208       513        16   26 :       1223       837    214278 @ rank#0:core#13
         32    262144      8176       511        16   27 :       1223       834    214253 @ rank#0:core#77
         32    262144      8144       509        16   28 :       1222       831    214424 @ rank#0:core#78
         32    262144      8144       509        16   29 :       1222       831    214361 @ rank#0:core#14
         32    262144      8112       507        16   30 :       1223       827    214295 @ rank#0:core#15
         32    262144      8096       506        16   31 :       1223       826    214307 @ rank#0:core#79
         32    262144    262144     16384        16   -1 :       1224     26714    214022 : TOTAL @ rank#0
    1 x  32    262144    262144     16384        16   -1 :       1224     26714    214022 : TOTAL
             Variable Dim             MinValue             MaxValue            AbsMaxErr         AvgAbsErr/GP          MaxRelErr-%
                PLUDE 2D1  0.0000000000000E+00  0.1026720108982E-03  0.0000000000000E+00  0.0000000000000E+00  0.0000000000000E+00     
             PCOVPTOT 2D3  0.0000000000000E+00  0.1000000000000E+01  0.2442490654175E-14  0.1338449170120E-14  0.5022634984648E-14     
     PRAINFRAC_TOPRFZ 1D1  0.0000000000000E+00  0.0000000000000E+00  0.0000000000000E+00  0.0000000000000E+00  0.0000000000000E+00     
               PFSQLF 2D3 -0.2581756360096E-05  0.4080862802487E-05  0.1086849150446E-18  0.1944827154974E-18  0.1909879370414E-11 !!!!
               PFSQIF 2D3 -0.2810873821405E-05  0.3887836598167E-05  0.8343274530455E-19  0.1508587726554E-18  0.6732185202831E-12 !!!!
              PFCQLNG 2D1 -0.3555564290808E-07  0.1413389467871E-08  0.0000000000000E+00  0.0000000000000E+00  0.0000000000000E+00     
              PFCQNNG 2D1 -0.5285014021662E-06  0.8788562329576E-08  0.0000000000000E+00  0.0000000000000E+00  0.0000000000000E+00     
               PFSQRF 2D3 -0.2581756360096E-05  0.4080862802487E-05  0.1086849150446E-18  0.1858211185967E-18  0.1921578856384E-11 !!!!
               PFSQSF 2D3 -0.2768876986308E-05  0.3860349895496E-05  0.8216219588367E-19  0.1485029857133E-18  0.6665363521197E-12 !!!!
              PFCQRNG 2D1 -0.3555564290808E-07  0.1413389467871E-08  0.0000000000000E+00  0.0000000000000E+00  0.0000000000000E+00     
              PFCQSNG 2D1 -0.5285014021662E-06  0.8788562329576E-08  0.0000000000000E+00  0.0000000000000E+00  0.0000000000000E+00     
             PFSQLTUR 2D1 -0.8115949343062E-06  0.2653456385227E-06  0.0000000000000E+00  0.0000000000000E+00  0.0000000000000E+00     
             PFSQITUR 2D1 -0.2651690301090E-05  0.3864567769232E-06  0.0000000000000E+00  0.0000000000000E+00  0.0000000000000E+00     
               PFPLSL 2D1  0.0000000000000E+00  0.0000000000000E+00  0.0000000000000E+00  0.0000000000000E+00  0.0000000000000E+00     
               PFPLSN 2D3  0.0000000000000E+00  0.2969958004108E-04  0.1634773588201E-18  0.3833205973066E-18  0.2213617314798E-12     
               PFHPSL 2D1 -0.0000000000000E+00 -0.0000000000000E+00  0.0000000000000E+00  0.0000000000000E+00  0.0000000000000E+00     
               PFHPSN 2D3 -0.8418345962643E+02 -0.0000000000000E+00  0.4618527782441E-12  0.1086864570289E-11  0.2214314772787E-12     
       TENDENCY_LOC%A 2D3 -0.2777777777778E-03  0.2631309809623E-03  0.1785714859402E-16  0.2061969643246E-17  0.4517092612077E-12 !!!!
       TENDENCY_LOC%Q 2D3 -0.1997382404851E-07  0.1495580073796E-07  0.1806976048122E-20  0.8635259987013E-21  0.1102412406643E-11 !!!!
       TENDENCY_LOC%T 2D3 -0.4132200394167E-04  0.5435278446361E-04  0.5211793724456E-17  0.2774436649255E-17  0.1248479237774E-11 !!!!
     TENDENCY_LOC%CLD 3D1 -0.1222481036148E-07  0.9816546350973E-08  0.5053039566933E-21  0.3876127713135E-21  0.0000000000000E+00     
