cpu-bind=MASK - ault07, task  0  0 [1896485]: mask 0xffff000000000000ffff set
     NUMPROC=1, NUMOMP=32, NGPTOTG=262144, NPROMA=64, NGPBLKS=4096
 Reference MFLOP count for 100 columns :  12.48232900
     NUMOMP    NGPTOT  #GP-cols     #BLKS    NPROMA tid# : Time(msec)  MFlops/s     col/s
         32    262144      7360       115        64    0 :       1325       693    197816 @ rank#0:core#64
         32    262144      8320       130        64    1 :       1327       782    197521 @ rank#0:core#0
         32    262144      8192       128        64    2 :       1324       771    197854 @ rank#0:core#65
         32    262144      8128       127        64    3 :       1325       765    197740 @ rank#0:core#1
         32    262144      8192       128        64    4 :       1327       770    197427 @ rank#0:core#66
         32    262144      8192       128        64    5 :       1325       771    197764 @ rank#0:core#2
         32    262144      8192       128        64    6 :       1325       771    197718 @ rank#0:core#67
         32    262144      8128       127        64    7 :       1325       765    197776 @ rank#0:core#3
         32    262144      8128       127        64    8 :       1330       762    197030 @ rank#0:core#68
         32    262144      8000       125        64    9 :       1325       753    197821 @ rank#0:core#4
         32    262144      8128       127        64   10 :       1330       762    197006 @ rank#0:core#5
         32    262144      8000       125        64   11 :       1327       752    197545 @ rank#0:core#69
         32    262144      7936       124        64   12 :       1326       746    197634 @ rank#0:core#70
         32    262144      8000       125        64   13 :       1329       751    197192 @ rank#0:core#6
         32    262144      8000       125        64   14 :       1330       750    197019 @ rank#0:core#7
         32    262144      8064       126        64   15 :       1325       759    197781 @ rank#0:core#71
         32    262144      8320       130        64   16 :       1329       781    197189 @ rank#0:core#72
         32    262144      8320       130        64   17 :       1332       779    196741 @ rank#0:core#8
         32    262144      8320       130        64   18 :       1325       783    197697 @ rank#0:core#9
         32    262144      8320       130        64   19 :       1328       781    197327 @ rank#0:core#73
         32    262144      8448       132        64   20 :       1331       792    196942 @ rank#0:core#74
         32    262144      8320       130        64   21 :       1325       783    197831 @ rank#0:core#10
         32    262144      8448       132        64   22 :       1331       791    196868 @ rank#0:core#11
         32    262144      8384       131        64   23 :       1328       787    197314 @ rank#0:core#75
         32    262144      8320       130        64   24 :       1332       779    196727 @ rank#0:core#76
         32    262144      8320       130        64   25 :       1331       780    196940 @ rank#0:core#12
         32    262144      8256       129        64   26 :       1329       775    197146 @ rank#0:core#13
         32    262144      8256       129        64   27 :       1324       778    197928 @ rank#0:core#77
         32    262144      8320       130        64   28 :       1332       779    196754 @ rank#0:core#78
         32    262144      8320       130        64   29 :       1331       779    196856 @ rank#0:core#14
         32    262144      8256       129        64   30 :       1330       774    197003 @ rank#0:core#15
         32    262144      8256       129        64   31 :       1324       778    197955 @ rank#0:core#79
         32    262144    262144      4096        64   -1 :       1332     24553    196707 : TOTAL @ rank#0
    1 x  32    262144    262144      4096        64   -1 :       1332     24553    196707 : TOTAL
             Variable Dim             MinValue             MaxValue            AbsMaxErr         AvgAbsErr/GP          MaxRelErr-%
                PLUDE 2D1  0.0000000000000E+00  0.1026720108982E-03  0.0000000000000E+00  0.0000000000000E+00  0.0000000000000E+00     
             PCOVPTOT 2D3  0.0000000000000E+00  0.1000000000000E+01  0.2442490654175E-14  0.1338449170120E-14  0.5022634984648E-14     
     PRAINFRAC_TOPRFZ 1D1  0.0000000000000E+00  0.0000000000000E+00  0.0000000000000E+00  0.0000000000000E+00  0.0000000000000E+00     
               PFSQLF 2D3 -0.2581756360096E-05  0.4080862802487E-05  0.1086849150446E-18  0.1944827154974E-18  0.1909879370414E-11 !!!!
               PFSQIF 2D3 -0.2810873821405E-05  0.3887836598167E-05  0.8343274530455E-19  0.1508587726554E-18  0.6732185202831E-12 !!!!
              PFCQLNG 2D1 -0.3555564290808E-07  0.1413389467871E-08  0.0000000000000E+00  0.0000000000000E+00  0.0000000000000E+00     
              PFCQNNG 2D1 -0.5285014021662E-06  0.8788562329576E-08  0.0000000000000E+00  0.0000000000000E+00  0.0000000000000E+00     
               PFSQRF 2D3 -0.2581756360096E-05  0.4080862802487E-05  0.1086849150446E-18  0.1858211185967E-18  0.1921578856384E-11 !!!!
               PFSQSF 2D3 -0.2768876986308E-05  0.3860349895496E-05  0.8216219588367E-19  0.1485029857133E-18  0.6665363521197E-12 !!!!
              PFCQRNG 2D1 -0.3555564290808E-07  0.1413389467871E-08  0.0000000000000E+00  0.0000000000000E+00  0.0000000000000E+00     
              PFCQSNG 2D1 -0.5285014021662E-06  0.8788562329576E-08  0.0000000000000E+00  0.0000000000000E+00  0.0000000000000E+00     
             PFSQLTUR 2D1 -0.8115949343062E-06  0.2653456385227E-06  0.0000000000000E+00  0.0000000000000E+00  0.0000000000000E+00     
             PFSQITUR 2D1 -0.2651690301090E-05  0.3864567769232E-06  0.0000000000000E+00  0.0000000000000E+00  0.0000000000000E+00     
               PFPLSL 2D1  0.0000000000000E+00  0.0000000000000E+00  0.0000000000000E+00  0.0000000000000E+00  0.0000000000000E+00     
               PFPLSN 2D3  0.0000000000000E+00  0.2969958004108E-04  0.1634773588201E-18  0.3833205973066E-18  0.2213617314798E-12     
               PFHPSL 2D1 -0.0000000000000E+00 -0.0000000000000E+00  0.0000000000000E+00  0.0000000000000E+00  0.0000000000000E+00     
               PFHPSN 2D3 -0.8418345962643E+02 -0.0000000000000E+00  0.4618527782441E-12  0.1086864570289E-11  0.2214314772787E-12     
       TENDENCY_LOC%A 2D3 -0.2777777777778E-03  0.2631309809623E-03  0.1785714859402E-16  0.2061969643246E-17  0.4517092612077E-12 !!!!
       TENDENCY_LOC%Q 2D3 -0.1997382404851E-07  0.1495580073796E-07  0.1806976048122E-20  0.8635259987013E-21  0.1102412406643E-11 !!!!
       TENDENCY_LOC%T 2D3 -0.4132200394167E-04  0.5435278446361E-04  0.5211793724456E-17  0.2774436649255E-17  0.1248479237774E-11 !!!!
     TENDENCY_LOC%CLD 3D1 -0.1222481036148E-07  0.9816546350973E-08  0.5053039566933E-21  0.3876127713135E-21  0.0000000000000E+00     
