cpu-bind=MASK - ault10, task  0  0 [2553684]: mask 0xffff000000000000ffff set
     NUMPROC=1, NUMOMP=32, NGPTOTG=131072, NPROMA=1, NGPBLKS=131072
 Reference MFLOP count for 100 columns :  12.48232900
     NUMOMP    NGPTOT  #GP-cols     #BLKS    NPROMA tid# : Time(msec)  MFlops/s     col/s
         32    131072      4076      4076         1    0 :      13147        38      9969 @ rank#0:core#64
         32    131072      4070      4070         1    1 :      13151        38      9966 @ rank#0:core#0
         32    131072      4092      4092         1    2 :      13145        38      9971 @ rank#0:core#1
         32    131072      4095      4095         1    3 :      13146        38      9970 @ rank#0:core#1
         32    131072      4088      4088         1    4 :      13146        38      9970 @ rank#0:core#66
         32    131072      4105      4105         1    5 :      13148        38      9968 @ rank#0:core#2
         32    131072      4093      4093         1    6 :      13144        38      9971 @ rank#0:core#3
         32    131072      4088      4088         1    7 :      13144        38      9971 @ rank#0:core#67
         32    131072      4132      4132         1    8 :      13143        39      9972 @ rank#0:core#4
         32    131072      4112      4112         1    9 :      13144        39      9971 @ rank#0:core#68
         32    131072      4022      4022         1   10 :      13147        38      9969 @ rank#0:core#69
         32    131072      3977      3977         1   11 :      13148        37      9968 @ rank#0:core#5
         32    131072      4141      4141         1   12 :      13144        39      9971 @ rank#0:core#6
         32    131072      4123      4123         1   13 :      13147        39      9969 @ rank#0:core#70
         32    131072      4134      4134         1   14 :      13147        39      9969 @ rank#0:core#71
         32    131072      4112      4112         1   15 :      13145        39      9970 @ rank#0:core#7
         32    131072      4084      4084         1   16 :      13143        38      9972 @ rank#0:core#72
         32    131072      4093      4093         1   17 :      13144        38      9971 @ rank#0:core#8
         32    131072      4092      4092         1   18 :      13148        38      9968 @ rank#0:core#73
         32    131072      4095      4095         1   19 :      13144        38      9971 @ rank#0:core#9
         32    131072      4099      4099         1   20 :      13151        38      9966 @ rank#0:core#74
         32    131072      4097      4097         1   21 :      13151        38      9966 @ rank#0:core#10
         32    131072      4081      4081         1   22 :      13146        38      9970 @ rank#0:core#75
         32    131072      4118      4118         1   23 :      13151        39      9966 @ rank#0:core#11
         32    131072      4108      4108         1   24 :      13147        39      9969 @ rank#0:core#76
         32    131072      4097      4097         1   25 :      13146        38      9970 @ rank#0:core#12
         32    131072      4122      4122         1   26 :      13147        39      9969 @ rank#0:core#13
         32    131072      4115      4115         1   27 :      13146        39      9970 @ rank#0:core#77
         32    131072      4101      4101         1   28 :      13143        38      9972 @ rank#0:core#78
         32    131072      4111      4111         1   29 :      13149        39      9968 @ rank#0:core#14
         32    131072      4107      4107         1   30 :      13151        38      9966 @ rank#0:core#79
         32    131072      4092      4092         1   31 :      13146        38      9970 @ rank#0:core#15
         32    131072    131072    131072         1   -1 :      13151      1244      9966 : TOTAL @ rank#0
    1 x  32    131072    131072    131072         1   -1 :      13151      1244      9966 : TOTAL
             Variable Dim             MinValue             MaxValue            AbsMaxErr         AvgAbsErr/GP          MaxRelErr-%
                PLUDE 2D1  0.0000000000000E+00  0.1026720108982E-03  0.0000000000000E+00  0.0000000000000E+00  0.0000000000000E+00     
             PCOVPTOT 2D1  0.0000000000000E+00  0.1000000000000E+01  0.0000000000000E+00  0.0000000000000E+00  0.0000000000000E+00     
     PRAINFRAC_TOPRFZ 1D1  0.0000000000000E+00  0.0000000000000E+00  0.0000000000000E+00  0.0000000000000E+00  0.0000000000000E+00     
               PFSQLF 2D1 -0.2581756360096E-05  0.4080862802487E-05  0.1323488980085E-20  0.2337615364570E-21  0.0000000000000E+00     
               PFSQIF 2D1 -0.2810873821405E-05  0.3887836598167E-05  0.6617444900424E-21  0.1676556867971E-21  0.0000000000000E+00     
              PFCQLNG 2D1 -0.3555564290808E-07  0.1413389467871E-08  0.0000000000000E+00  0.0000000000000E+00  0.0000000000000E+00     
              PFCQNNG 2D1 -0.5285014021662E-06  0.8788562329576E-08  0.0000000000000E+00  0.0000000000000E+00  0.0000000000000E+00     
               PFSQRF 2D1 -0.2581756360096E-05  0.4080862802487E-05  0.1323488980085E-20  0.2112574174238E-21  0.0000000000000E+00     
               PFSQSF 2D1 -0.2768876986308E-05  0.3860349895496E-05  0.6749793798433E-21  0.1668779709187E-21  0.0000000000000E+00     
              PFCQRNG 2D1 -0.3555564290808E-07  0.1413389467871E-08  0.0000000000000E+00  0.0000000000000E+00  0.0000000000000E+00     
              PFCQSNG 2D1 -0.5285014021662E-06  0.8788562329576E-08  0.0000000000000E+00  0.0000000000000E+00  0.0000000000000E+00     
             PFSQLTUR 2D1 -0.8115949343062E-06  0.2653456385227E-06  0.0000000000000E+00  0.0000000000000E+00  0.0000000000000E+00     
             PFSQITUR 2D1 -0.2651690301090E-05  0.3864567769232E-06  0.0000000000000E+00  0.0000000000000E+00  0.0000000000000E+00     
               PFPLSL 2D1  0.0000000000000E+00  0.0000000000000E+00  0.0000000000000E+00  0.0000000000000E+00  0.0000000000000E+00     
               PFPLSN 2D1  0.0000000000000E+00  0.2969958004108E-04  0.6776263578034E-20  0.1669008138062E-20  0.0000000000000E+00     
               PFHPSL 2D1 -0.0000000000000E+00 -0.0000000000000E+00  0.0000000000000E+00  0.0000000000000E+00  0.0000000000000E+00     
               PFHPSN 2D3 -0.8418345962643E+02 -0.0000000000000E+00  0.2131628207280E-13  0.4743882559997E-14  0.9665369562696E-15     
       TENDENCY_LOC%A 2D3 -0.2777777777778E-03  0.2631309809623E-03  0.3083199928006E-18  0.6937754234816E-20  0.1519854916569E-14     
       TENDENCY_LOC%Q 2D1 -0.1997382404851E-07  0.1495580073796E-07  0.1207683694327E-21  0.3621239558577E-23  0.0000000000000E+00     
       TENDENCY_LOC%T 2D3 -0.4132200394167E-04  0.5435278446361E-04  0.2964615315390E-18  0.2330057425815E-19  0.1048553150289E-13     
     TENDENCY_LOC%CLD 3D1 -0.1222481036148E-07  0.9816546350973E-08  0.2688336990797E-22  0.1143731776861E-23  0.0000000000000E+00     
