cpu-bind=MASK - ault10, task  0  0 [2511584]: mask 0xffff000000000000ffff set
     NUMPROC=1, NUMOMP=32, NGPTOTG=4096, NPROMA=1, NGPBLKS=4096
 Reference MFLOP count for 100 columns :  12.48232900
     NUMOMP    NGPTOT  #GP-cols     #BLKS    NPROMA tid# : Time(msec)  MFlops/s     col/s
         32      4096       127       127         1    0 :         90       175     45324 @ rank#0:core#64
         32      4096       127       127         1    1 :         90       175     45321 @ rank#0:core#0
         32      4096       128       128         1    2 :         90       177     45476 @ rank#0:core#1
         32      4096       129       129         1    3 :         90       178     45318 @ rank#0:core#1
         32      4096       125       125         1    4 :         90       172     45322 @ rank#0:core#66
         32      4096       126       126         1    5 :         90       174     45325 @ rank#0:core#2
         32      4096       129       129         1    6 :         90       177     45251 @ rank#0:core#3
         32      4096       128       128         1    7 :         90       176     45258 @ rank#0:core#67
         32      4096       126       126         1    8 :         90       173     45244 @ rank#0:core#68
         32      4096       126       126         1    9 :         90       173     45232 @ rank#0:core#4
         32      4096       128       128         1   10 :         90       176     45268 @ rank#0:core#5
         32      4096       125       125         1   11 :         90       172     45268 @ rank#0:core#69
         32      4096       127       127         1   12 :         90       175     45295 @ rank#0:core#70
         32      4096       129       129         1   13 :         90       178     45299 @ rank#0:core#6
         32      4096       125       125         1   14 :         90       172     45260 @ rank#0:core#7
         32      4096       126       126         1   15 :         90       173     45268 @ rank#0:core#71
         32      4096       127       127         1   16 :         90       175     45353 @ rank#0:core#72
         32      4096       128       128         1   17 :         90       176     45264 @ rank#0:core#8
         32      4096       127       127         1   18 :         90       174     45143 @ rank#0:core#9
         32      4096       128       128         1   19 :         90       176     45129 @ rank#0:core#73
         32      4096       126       126         1   20 :         90       174     45373 @ rank#0:core#74
         32      4096       126       126         1   21 :         90       174     45381 @ rank#0:core#10
         32      4096       128       128         1   22 :         90       176     45163 @ rank#0:core#11
         32      4096       127       127         1   23 :         90       175     45218 @ rank#0:core#75
         32      4096       130       130         1   24 :         90       179     45226 @ rank#0:core#76
         32      4096       132       132         1   25 :         90       181     45242 @ rank#0:core#12
         32      4096       132       132         1   26 :         90       181     45187 @ rank#0:core#13
         32      4096       131       131         1   27 :         90       180     45174 @ rank#0:core#77
         32      4096       132       132         1   28 :         90       181     45127 @ rank#0:core#78
         32      4096       132       132         1   29 :         90       181     45128 @ rank#0:core#14
         32      4096       129       129         1   30 :         90       178     45366 @ rank#0:core#15
         32      4096       130       130         1   31 :         90       179     45354 @ rank#0:core#79
         32      4096      4096      4096         1   -1 :         90      5627     45079 : TOTAL @ rank#0
    1 x  32      4096      4096      4096         1   -1 :         90      5627     45079 : TOTAL
             Variable Dim             MinValue             MaxValue            AbsMaxErr         AvgAbsErr/GP          MaxRelErr-%
                PLUDE 2D1  0.0000000000000E+00  0.1026720108982E-03  0.0000000000000E+00  0.0000000000000E+00  0.0000000000000E+00     
             PCOVPTOT 2D1  0.0000000000000E+00  0.1000000000000E+01  0.0000000000000E+00  0.0000000000000E+00  0.0000000000000E+00     
     PRAINFRAC_TOPRFZ 1D1  0.0000000000000E+00  0.0000000000000E+00  0.0000000000000E+00  0.0000000000000E+00  0.0000000000000E+00     
               PFSQLF 2D1 -0.2581756360096E-05  0.4080862802487E-05  0.1323488980085E-20  0.2339398442651E-21  0.0000000000000E+00     
               PFSQIF 2D1 -0.2810873821405E-05  0.3887836598167E-05  0.6617444900424E-21  0.1677835706162E-21  0.0000000000000E+00     
              PFCQLNG 2D1 -0.3555564290808E-07  0.1413389467871E-08  0.0000000000000E+00  0.0000000000000E+00  0.0000000000000E+00     
              PFCQNNG 2D1 -0.5285014021662E-06  0.8788562329576E-08  0.0000000000000E+00  0.0000000000000E+00  0.0000000000000E+00     
               PFSQRF 2D1 -0.2581756360096E-05  0.4080862802487E-05  0.1323488980085E-20  0.2114185596187E-21  0.0000000000000E+00     
               PFSQSF 2D1 -0.2768876986308E-05  0.3860349895496E-05  0.6749793798433E-21  0.1670052615144E-21  0.0000000000000E+00     
              PFCQRNG 2D1 -0.3555564290808E-07  0.1413389467871E-08  0.0000000000000E+00  0.0000000000000E+00  0.0000000000000E+00     
              PFCQSNG 2D1 -0.5285014021662E-06  0.8788562329576E-08  0.0000000000000E+00  0.0000000000000E+00  0.0000000000000E+00     
             PFSQLTUR 2D1 -0.8115949343062E-06  0.2653456385227E-06  0.0000000000000E+00  0.0000000000000E+00  0.0000000000000E+00     
             PFSQITUR 2D1 -0.2651690301090E-05  0.3864567769232E-06  0.0000000000000E+00  0.0000000000000E+00  0.0000000000000E+00     
               PFPLSL 2D1  0.0000000000000E+00  0.0000000000000E+00  0.0000000000000E+00  0.0000000000000E+00  0.0000000000000E+00     
               PFPLSN 2D1  0.0000000000000E+00  0.2969958004108E-04  0.6776263578034E-20  0.1670284451898E-20  0.0000000000000E+00     
               PFHPSL 2D1 -0.0000000000000E+00 -0.0000000000000E+00  0.0000000000000E+00  0.0000000000000E+00  0.0000000000000E+00     
               PFHPSN 2D3 -0.8418345962643E+02 -0.0000000000000E+00  0.2131628207280E-13  0.4747504472880E-14  0.9682951000722E-15     
       TENDENCY_LOC%A 2D1 -0.2777777777778E-03  0.2631309809623E-03  0.3083199928006E-18  0.6943047100215E-20  0.0000000000000E+00     
       TENDENCY_LOC%Q 2D1 -0.1997382404851E-07  0.1495580073796E-07  0.1207683694327E-21  0.3624001755036E-23  0.0000000000000E+00     
       TENDENCY_LOC%T 2D1 -0.4132200394167E-04  0.5435278446361E-04  0.2964615315390E-18  0.2331847188388E-19  0.0000000000000E+00     
     TENDENCY_LOC%CLD 3D1 -0.1222481036148E-07  0.9816546350973E-08  0.2688336990797E-22  0.1144605027394E-23  0.0000000000000E+00     
