cpu-bind=MASK - ault10, task  0  0 [2520144]: mask 0xffff000000000000ffff set
     NUMPROC=1, NUMOMP=32, NGPTOTG=8192, NPROMA=1, NGPBLKS=8192
 Reference MFLOP count for 100 columns :  12.48232900
     NUMOMP    NGPTOT  #GP-cols     #BLKS    NPROMA tid# : Time(msec)  MFlops/s     col/s
         32      8192       255       255         1    0 :        185       171     44175 @ rank#0:core#64
         32      8192       257       257         1    1 :        185       173     44178 @ rank#0:core#0
         32      8192       260       260         1    2 :        185       175     44178 @ rank#0:core#1
         32      8192       255       255         1    3 :        185       171     44166 @ rank#0:core#1
         32      8192       258       258         1    4 :        185       173     44172 @ rank#0:core#66
         32      8192       256       256         1    5 :        185       172     44172 @ rank#0:core#2
         32      8192       255       255         1    6 :        185       171     44249 @ rank#0:core#3
         32      8192       259       259         1    7 :        185       174     44272 @ rank#0:core#67
         32      8192       254       254         1    8 :        185       171     44191 @ rank#0:core#68
         32      8192       256       256         1    9 :        185       172     44195 @ rank#0:core#4
         32      8192       257       257         1   10 :        185       173     44189 @ rank#0:core#5
         32      8192       257       257         1   11 :        185       173     44198 @ rank#0:core#69
         32      8192       258       258         1   12 :        185       173     44183 @ rank#0:core#70
         32      8192       258       258         1   13 :        185       173     44183 @ rank#0:core#6
         32      8192       256       256         1   14 :        185       172     44198 @ rank#0:core#7
         32      8192       255       255         1   15 :        185       171     44199 @ rank#0:core#71
         32      8192       260       260         1   16 :        185       175     44182 @ rank#0:core#72
         32      8192       256       256         1   17 :        185       172     44177 @ rank#0:core#8
         32      8192       253       253         1   18 :        185       170     44176 @ rank#0:core#9
         32      8192       256       256         1   19 :        185       172     44171 @ rank#0:core#73
         32      8192       255       255         1   20 :        185       171     44231 @ rank#0:core#74
         32      8192       254       254         1   21 :        185       171     44215 @ rank#0:core#10
         32      8192       258       258         1   22 :        185       173     44232 @ rank#0:core#11
         32      8192       256       256         1   23 :        185       172     44232 @ rank#0:core#75
         32      8192       257       257         1   24 :        185       173     44259 @ rank#0:core#76
         32      8192       258       258         1   25 :        185       173     44252 @ rank#0:core#12
         32      8192       254       254         1   26 :        185       171     44251 @ rank#0:core#13
         32      8192       254       254         1   27 :        185       171     44194 @ rank#0:core#77
         32      8192       252       252         1   28 :        185       170     44278 @ rank#0:core#78
         32      8192       258       258         1   29 :        185       174     44278 @ rank#0:core#14
         32      8192       253       253         1   30 :        184       170     44282 @ rank#0:core#15
         32      8192       252       252         1   31 :        184       170     44282 @ rank#0:core#79
         32      8192      8192      8192         1   -1 :        185      5511     44151 : TOTAL @ rank#0
    1 x  32      8192      8192      8192         1   -1 :        185      5511     44151 : TOTAL
             Variable Dim             MinValue             MaxValue            AbsMaxErr         AvgAbsErr/GP          MaxRelErr-%
                PLUDE 2D1  0.0000000000000E+00  0.1026720108982E-03  0.0000000000000E+00  0.0000000000000E+00  0.0000000000000E+00     
             PCOVPTOT 2D1  0.0000000000000E+00  0.1000000000000E+01  0.0000000000000E+00  0.0000000000000E+00  0.0000000000000E+00     
     PRAINFRAC_TOPRFZ 1D1  0.0000000000000E+00  0.0000000000000E+00  0.0000000000000E+00  0.0000000000000E+00  0.0000000000000E+00     
               PFSQLF 2D1 -0.2581756360096E-05  0.4080862802487E-05  0.1323488980085E-20  0.2339398442651E-21  0.0000000000000E+00     
               PFSQIF 2D1 -0.2810873821405E-05  0.3887836598167E-05  0.6617444900424E-21  0.1677835706162E-21  0.0000000000000E+00     
              PFCQLNG 2D1 -0.3555564290808E-07  0.1413389467871E-08  0.0000000000000E+00  0.0000000000000E+00  0.0000000000000E+00     
              PFCQNNG 2D1 -0.5285014021662E-06  0.8788562329576E-08  0.0000000000000E+00  0.0000000000000E+00  0.0000000000000E+00     
               PFSQRF 2D1 -0.2581756360096E-05  0.4080862802487E-05  0.1323488980085E-20  0.2114185596187E-21  0.0000000000000E+00     
               PFSQSF 2D1 -0.2768876986308E-05  0.3860349895496E-05  0.6749793798433E-21  0.1670052615144E-21  0.0000000000000E+00     
              PFCQRNG 2D1 -0.3555564290808E-07  0.1413389467871E-08  0.0000000000000E+00  0.0000000000000E+00  0.0000000000000E+00     
              PFCQSNG 2D1 -0.5285014021662E-06  0.8788562329576E-08  0.0000000000000E+00  0.0000000000000E+00  0.0000000000000E+00     
             PFSQLTUR 2D1 -0.8115949343062E-06  0.2653456385227E-06  0.0000000000000E+00  0.0000000000000E+00  0.0000000000000E+00     
             PFSQITUR 2D1 -0.2651690301090E-05  0.3864567769232E-06  0.0000000000000E+00  0.0000000000000E+00  0.0000000000000E+00     
               PFPLSL 2D1  0.0000000000000E+00  0.0000000000000E+00  0.0000000000000E+00  0.0000000000000E+00  0.0000000000000E+00     
               PFPLSN 2D1  0.0000000000000E+00  0.2969958004108E-04  0.6776263578034E-20  0.1670232753109E-20  0.0000000000000E+00     
               PFHPSL 2D1 -0.0000000000000E+00 -0.0000000000000E+00  0.0000000000000E+00  0.0000000000000E+00  0.0000000000000E+00     
               PFHPSN 2D3 -0.8418345962643E+02 -0.0000000000000E+00  0.2131628207280E-13  0.4747450262771E-14  0.9674960412121E-15     
       TENDENCY_LOC%A 2D1 -0.2777777777778E-03  0.2631309809623E-03  0.3083199928006E-18  0.6943032559930E-20  0.0000000000000E+00     
       TENDENCY_LOC%Q 2D1 -0.1997382404851E-07  0.1495580073796E-07  0.1207683694327E-21  0.3624001755036E-23  0.0000000000000E+00     
       TENDENCY_LOC%T 2D1 -0.4132200394167E-04  0.5435278446361E-04  0.2964615315390E-18  0.2331648148053E-19  0.0000000000000E+00     
     TENDENCY_LOC%CLD 3D1 -0.1222481036148E-07  0.9816546350973E-08  0.2688336990797E-22  0.1144592405619E-23  0.0000000000000E+00     
