cpu-bind=MASK - ault07, task  0  0 [1894165]: mask 0xffff000000000000ffff set
     NUMPROC=1, NUMOMP=32, NGPTOTG=131072, NPROMA=128, NGPBLKS=1024
 Reference MFLOP count for 100 columns :  12.48232900
     NUMOMP    NGPTOT  #GP-cols     #BLKS    NPROMA tid# : Time(msec)  MFlops/s     col/s
         32    131072      3712        29       128    0 :        688       672    190279 @ rank#0:core#0
         32    131072      4224        33       128    1 :        690       763    189815 @ rank#0:core#64
         32    131072      4224        33       128    2 :        691       762    189540 @ rank#0:core#1
         32    131072      4096        32       128    3 :        683       748    191880 @ rank#0:core#1
         32    131072      4224        33       128    4 :        695       758    188592 @ rank#0:core#66
         32    131072      4224        33       128    5 :        692       761    189346 @ rank#0:core#2
         32    131072      4224        33       128    6 :        691       762    189492 @ rank#0:core#3
         32    131072      4224        33       128    7 :        688       765    190284 @ rank#0:core#67
         32    131072      4096        32       128    8 :        683       747    191647 @ rank#0:core#68
         32    131072      4096        32       128    9 :        689       742    190234 @ rank#0:core#4
         32    131072      4096        32       128   10 :        686       745    191000 @ rank#0:core#5
         32    131072      4096        32       128   11 :        690       740    189869 @ rank#0:core#69
         32    131072      4096        32       128   12 :        683       747    191670 @ rank#0:core#70
         32    131072      4096        32       128   13 :        686       744    190854 @ rank#0:core#6
         32    131072      4096        32       128   14 :        688       743    190495 @ rank#0:core#7
         32    131072      4224        33       128   15 :        694       758    188676 @ rank#0:core#71
         32    131072      4096        32       128   16 :        687       743    190525 @ rank#0:core#72
         32    131072      4096        32       128   17 :        690       739    189701 @ rank#0:core#8
         32    131072      4096        32       128   18 :        687       743    190569 @ rank#0:core#9
         32    131072      4096        32       128   19 :        690       740    189811 @ rank#0:core#73
         32    131072      4096        32       128   20 :        689       741    190048 @ rank#0:core#74
         32    131072      4096        32       128   21 :        693       737    189121 @ rank#0:core#10
         32    131072      4096        32       128   22 :        689       741    190068 @ rank#0:core#11
         32    131072      4096        32       128   23 :        692       738    189349 @ rank#0:core#75
         32    131072      3968        31       128   24 :        681       726    192221 @ rank#0:core#76
         32    131072      4096        32       128   25 :        694       736    188794 @ rank#0:core#12
         32    131072      4096        32       128   26 :        694       736    188818 @ rank#0:core#13
         32    131072      3968        31       128   27 :        682       726    192128 @ rank#0:core#77
         32    131072      4096        32       128   28 :        694       736    188728 @ rank#0:core#78
         32    131072      3968        31       128   29 :        684       723    191549 @ rank#0:core#14
         32    131072      3968        31       128   30 :        684       723    191582 @ rank#0:core#15
         32    131072      4096        32       128   31 :        693       736    188910 @ rank#0:core#79
         32    131072    131072      1024       128   -1 :        695     23528    188492 : TOTAL @ rank#0
    1 x  32    131072    131072      1024       128   -1 :        695     23528    188492 : TOTAL
             Variable Dim             MinValue             MaxValue            AbsMaxErr         AvgAbsErr/GP          MaxRelErr-%
                PLUDE 2D1  0.0000000000000E+00  0.1026720108982E-03  0.0000000000000E+00  0.0000000000000E+00  0.0000000000000E+00     
             PCOVPTOT 2D3  0.0000000000000E+00  0.1000000000000E+01  0.2442490654175E-14  0.1338535673360E-14  0.5022937188775E-14     
     PRAINFRAC_TOPRFZ 1D1  0.0000000000000E+00  0.0000000000000E+00  0.0000000000000E+00  0.0000000000000E+00  0.0000000000000E+00     
               PFSQLF 2D3 -0.2581756360096E-05  0.4080862802487E-05  0.1086849150446E-18  0.1944632938679E-18  0.1909904907141E-11 !!!!
               PFSQIF 2D3 -0.2810873821405E-05  0.3887836598167E-05  0.8343274530455E-19  0.1508647283941E-18  0.6732297736200E-12 !!!!
              PFCQLNG 2D1 -0.3555564290808E-07  0.1413389467871E-08  0.0000000000000E+00  0.0000000000000E+00  0.0000000000000E+00     
              PFCQNNG 2D1 -0.5285014021662E-06  0.8788562329576E-08  0.0000000000000E+00  0.0000000000000E+00  0.0000000000000E+00     
               PFSQRF 2D3 -0.2581756360096E-05  0.4080862802487E-05  0.1086849150446E-18  0.1858026272425E-18  0.1921605057655E-11 !!!!
               PFSQSF 2D3 -0.2768876986308E-05  0.3860349895496E-05  0.8216219588367E-19  0.1485086087578E-18  0.6665455864796E-12 !!!!
              PFCQRNG 2D1 -0.3555564290808E-07  0.1413389467871E-08  0.0000000000000E+00  0.0000000000000E+00  0.0000000000000E+00     
              PFCQSNG 2D1 -0.5285014021662E-06  0.8788562329576E-08  0.0000000000000E+00  0.0000000000000E+00  0.0000000000000E+00     
             PFSQLTUR 2D1 -0.8115949343062E-06  0.2653456385227E-06  0.0000000000000E+00  0.0000000000000E+00  0.0000000000000E+00     
             PFSQITUR 2D1 -0.2651690301090E-05  0.3864567769232E-06  0.0000000000000E+00  0.0000000000000E+00  0.0000000000000E+00     
               PFPLSL 2D1  0.0000000000000E+00  0.0000000000000E+00  0.0000000000000E+00  0.0000000000000E+00  0.0000000000000E+00     
               PFPLSN 2D3  0.0000000000000E+00  0.2969958004108E-04  0.1634773588201E-18  0.3833150731870E-18  0.2213690462683E-12     
               PFHPSL 2D1 -0.0000000000000E+00 -0.0000000000000E+00  0.0000000000000E+00  0.0000000000000E+00  0.0000000000000E+00     
               PFHPSN 2D3 -0.8418345962643E+02 -0.0000000000000E+00  0.4618527782441E-12  0.1086848871304E-11  0.2214387870504E-12     
       TENDENCY_LOC%A 2D3 -0.2777777777778E-03  0.2631309809623E-03  0.1785714859402E-16  0.2061769278672E-17  0.4516721216926E-12 !!!!
       TENDENCY_LOC%Q 2D1 -0.1997382404851E-07  0.1495580073796E-07  0.1806976048122E-20  0.8635302347580E-21  0.0000000000000E+00     
       TENDENCY_LOC%T 2D3 -0.4132200394167E-04  0.5435278446361E-04  0.5211793724456E-17  0.2774428055972E-17  0.1248525141960E-11 !!!!
     TENDENCY_LOC%CLD 3D1 -0.1222481036148E-07  0.9816546350973E-08  0.5053039566933E-21  0.3876041328172E-21  0.0000000000000E+00     
