cpu-bind=MASK - ault10, task  0  0 [2518610]: mask 0xffff000000000000ffff set
     NUMPROC=1, NUMOMP=32, NGPTOTG=4096, NPROMA=128, NGPBLKS=32
 Reference MFLOP count for 100 columns :  12.48232900
     NUMOMP    NGPTOT  #GP-cols     #BLKS    NPROMA tid# : Time(msec)  MFlops/s     col/s
         32      4096       128         1       128    0 :         38       417    107119 @ rank#0:core#0
         32      4096       128         1       128    1 :         38       413    106040 @ rank#0:core#64
         32      4096       128         1       128    2 :         39       409    104883 @ rank#0:core#1
         32      4096       128         1       128    3 :         38       419    107541 @ rank#0:core#65
         32      4096       128         1       128    4 :         38       413    105915 @ rank#0:core#2
         32      4096       128         1       128    5 :         38       412    105872 @ rank#0:core#66
         32      4096       128         1       128    6 :         39       408    104751 @ rank#0:core#67
         32      4096       128         1       128    7 :         39       408    104849 @ rank#0:core#3
         32      4096       128         1       128    8 :         39       408    104676 @ rank#0:core#4
         32      4096       128         1       128    9 :         39       408    104744 @ rank#0:core#68
         32      4096       128         1       128   10 :         39       407    104522 @ rank#0:core#69
         32      4096       128         1       128   11 :         39       407    104539 @ rank#0:core#5
         32      4096       128         1       128   12 :         39       408    104736 @ rank#0:core#6
         32      4096       128         1       128   13 :         39       408    104740 @ rank#0:core#70
         32      4096       128         1       128   14 :         38       410    105336 @ rank#0:core#71
         32      4096       128         1       128   15 :         39       408    104644 @ rank#0:core#7
         32      4096       128         1       128   16 :         37       427    109503 @ rank#0:core#8
         32      4096       128         1       128   17 :         37       427    109473 @ rank#0:core#72
         32      4096       128         1       128   18 :         35       444    114040 @ rank#0:core#73
         32      4096       128         1       128   19 :         36       436    111812 @ rank#0:core#9
         32      4096       128         1       128   20 :         37       427    109490 @ rank#0:core#10
         32      4096       128         1       128   21 :         37       427    109480 @ rank#0:core#74
         32      4096       128         1       128   22 :         37       431    110510 @ rank#0:core#75
         32      4096       128         1       128   23 :         37       431    110510 @ rank#0:core#11
         32      4096       128         1       128   24 :         36       438    112332 @ rank#0:core#12
         32      4096       128         1       128   25 :         36       438    112332 @ rank#0:core#76
         32      4096       128         1       128   26 :         36       437    112267 @ rank#0:core#77
         32      4096       128         1       128   27 :         36       437    112267 @ rank#0:core#13
         32      4096       128         1       128   28 :         36       434    111442 @ rank#0:core#14
         32      4096       128         1       128   29 :         36       433    111245 @ rank#0:core#78
         32      4096       128         1       128   30 :         37       427    109682 @ rank#0:core#79
         32      4096       128         1       128   31 :         37       427    109510 @ rank#0:core#15
         32      4096      4096        32       128   -1 :         39     13011    104242 : TOTAL @ rank#0
    1 x  32      4096      4096        32       128   -1 :         39     13011    104242 : TOTAL
             Variable Dim             MinValue             MaxValue            AbsMaxErr         AvgAbsErr/GP          MaxRelErr-%
                PLUDE 2D1  0.0000000000000E+00  0.1026720108982E-03  0.0000000000000E+00  0.0000000000000E+00  0.0000000000000E+00     
             PCOVPTOT 2D3  0.0000000000000E+00  0.1000000000000E+01  0.2442490654175E-14  0.1339806222781E-14  0.5027618877978E-14     
     PRAINFRAC_TOPRFZ 1D1  0.0000000000000E+00  0.0000000000000E+00  0.0000000000000E+00  0.0000000000000E+00  0.0000000000000E+00     
               PFSQLF 2D3 -0.2581756360096E-05  0.4080862802487E-05  0.1086849150446E-18  0.1945816519754E-18  0.1917122827773E-11 !!!!
               PFSQIF 2D3 -0.2810873821405E-05  0.3887836598167E-05  0.8343274530455E-19  0.1508378148723E-18  0.6730782683958E-12 !!!!
              PFCQLNG 2D1 -0.3555564290808E-07  0.1413389467871E-08  0.0000000000000E+00  0.0000000000000E+00  0.0000000000000E+00     
              PFCQNNG 2D1 -0.5285014021662E-06  0.8788562329576E-08  0.0000000000000E+00  0.0000000000000E+00  0.0000000000000E+00     
               PFSQRF 2D3 -0.2581756360096E-05  0.4080862802487E-05  0.1086849150446E-18  0.1859133395192E-18  0.1928835385239E-11 !!!!
               PFSQSF 2D3 -0.2768876986308E-05  0.3860349895496E-05  0.8216219588367E-19  0.1484802711537E-18  0.6663866322688E-12 !!!!
              PFCQRNG 2D1 -0.3555564290808E-07  0.1413389467871E-08  0.0000000000000E+00  0.0000000000000E+00  0.0000000000000E+00     
              PFCQSNG 2D1 -0.5285014021662E-06  0.8788562329576E-08  0.0000000000000E+00  0.0000000000000E+00  0.0000000000000E+00     
             PFSQLTUR 2D1 -0.8115949343062E-06  0.2653456385227E-06  0.0000000000000E+00  0.0000000000000E+00  0.0000000000000E+00     
             PFSQITUR 2D1 -0.2651690301090E-05  0.3864567769232E-06  0.0000000000000E+00  0.0000000000000E+00  0.0000000000000E+00     
               PFPLSL 2D1  0.0000000000000E+00  0.0000000000000E+00  0.0000000000000E+00  0.0000000000000E+00  0.0000000000000E+00     
               PFPLSN 2D3  0.0000000000000E+00  0.2969958004108E-04  0.1634773588201E-18  0.3831902338945E-18  0.2215303557379E-12     
               PFHPSL 2D1 -0.0000000000000E+00 -0.0000000000000E+00  0.0000000000000E+00  0.0000000000000E+00  0.0000000000000E+00     
               PFHPSN 2D3 -0.8418345962643E+02 -0.0000000000000E+00  0.4618527782441E-12  0.1086489201452E-11  0.2215989844891E-12     
       TENDENCY_LOC%A 2D3 -0.2777777777778E-03  0.2631309809623E-03  0.1785714859402E-16  0.2061903898405E-17  0.4518001433379E-12 !!!!
       TENDENCY_LOC%Q 2D1 -0.1997382404851E-07  0.1495580073796E-07  0.1806976048122E-20  0.8634499282002E-21  0.0000000000000E+00     
       TENDENCY_LOC%T 2D3 -0.4132200394167E-04  0.5435278446361E-04  0.5211793724456E-17  0.2773820527241E-17  0.1249058259006E-11 !!!!
     TENDENCY_LOC%CLD 3D1 -0.1222481036148E-07  0.9816546350973E-08  0.5053039566933E-21  0.3875159137737E-21  0.0000000000000E+00     
