cpu-bind=MASK - ault10, task  0  0 [2508618]: mask 0xff00000000000000ff set
     NUMPROC=1, NUMOMP=16, NGPTOTG=131072, NPROMA=32, NGPBLKS=4096
 Reference MFLOP count for 100 columns :  12.48232900
     NUMOMP    NGPTOT  #GP-cols     #BLKS    NPROMA tid# : Time(msec)  MFlops/s     col/s
         16    131072      8320       260        32    0 :       8742       118     14992 @ rank#0:core#0
         16    131072      7968       249        32    1 :       8735       113     15003 @ rank#0:core#64
         16    131072      8448       264        32    2 :       8743       120     14990 @ rank#0:core#1
         16    131072      8256       258        32    3 :       8718       118     15033 @ rank#0:core#65
         16    131072      8480       265        32    4 :       8721       121     15029 @ rank#0:core#66
         16    131072      8256       258        32    5 :       8740       117     14996 @ rank#0:core#2
         16    131072      8448       264        32    6 :       8746       120     14985 @ rank#0:core#67
         16    131072      8000       250        32    7 :       8737       114     15001 @ rank#0:core#3
         16    131072      8256       258        32    8 :       8729       118     15014 @ rank#0:core#4
         16    131072      8480       265        32    9 :       8726       121     15020 @ rank#0:core#68
         16    131072      8096       253        32   10 :       8725       115     15021 @ rank#0:core#69
         16    131072      7808       244        32   11 :       8737       111     15000 @ rank#0:core#5
         16    131072      7936       248        32   12 :       8740       113     14996 @ rank#0:core#6
         16    131072      8160       255        32   13 :       8722       116     15026 @ rank#0:core#70
         16    131072      8256       258        32   14 :       8744       117     14989 @ rank#0:core#71
         16    131072      7904       247        32   15 :       8721       113     15028 @ rank#0:core#7
         16    131072    131072      4096        32   -1 :       8753      1868     14973 : TOTAL @ rank#0
    1 x  16    131072    131072      4096        32   -1 :       8753      1868     14973 : TOTAL
             Variable Dim             MinValue             MaxValue            AbsMaxErr         AvgAbsErr/GP          MaxRelErr-%
                PLUDE 2D1  0.0000000000000E+00  0.1026720108982E-03  0.0000000000000E+00  0.0000000000000E+00  0.0000000000000E+00     
             PCOVPTOT 2D3  0.0000000000000E+00  0.1000000000000E+01  0.2442490654175E-14  0.1338535673360E-14  0.5022937188775E-14     
     PRAINFRAC_TOPRFZ 1D1  0.0000000000000E+00  0.0000000000000E+00  0.0000000000000E+00  0.0000000000000E+00  0.0000000000000E+00     
               PFSQLF 2D3 -0.2581756360096E-05  0.4080862802487E-05  0.1086849150446E-18  0.1944632938679E-18  0.1909904907141E-11 !!!!
               PFSQIF 2D3 -0.2810873821405E-05  0.3887836598167E-05  0.8343274530455E-19  0.1508647283941E-18  0.6732297736200E-12 !!!!
              PFCQLNG 2D1 -0.3555564290808E-07  0.1413389467871E-08  0.0000000000000E+00  0.0000000000000E+00  0.0000000000000E+00     
              PFCQNNG 2D1 -0.5285014021662E-06  0.8788562329576E-08  0.0000000000000E+00  0.0000000000000E+00  0.0000000000000E+00     
               PFSQRF 2D3 -0.2581756360096E-05  0.4080862802487E-05  0.1086849150446E-18  0.1858026272425E-18  0.1921605057655E-11 !!!!
               PFSQSF 2D3 -0.2768876986308E-05  0.3860349895496E-05  0.8216219588367E-19  0.1485086087578E-18  0.6665455864796E-12 !!!!
              PFCQRNG 2D1 -0.3555564290808E-07  0.1413389467871E-08  0.0000000000000E+00  0.0000000000000E+00  0.0000000000000E+00     
              PFCQSNG 2D1 -0.5285014021662E-06  0.8788562329576E-08  0.0000000000000E+00  0.0000000000000E+00  0.0000000000000E+00     
             PFSQLTUR 2D1 -0.8115949343062E-06  0.2653456385227E-06  0.0000000000000E+00  0.0000000000000E+00  0.0000000000000E+00     
             PFSQITUR 2D1 -0.2651690301090E-05  0.3864567769232E-06  0.0000000000000E+00  0.0000000000000E+00  0.0000000000000E+00     
               PFPLSL 2D1  0.0000000000000E+00  0.0000000000000E+00  0.0000000000000E+00  0.0000000000000E+00  0.0000000000000E+00     
               PFPLSN 2D3  0.0000000000000E+00  0.2969958004108E-04  0.1634773588201E-18  0.3833150731870E-18  0.2213690462683E-12     
               PFHPSL 2D1 -0.0000000000000E+00 -0.0000000000000E+00  0.0000000000000E+00  0.0000000000000E+00  0.0000000000000E+00     
               PFHPSN 2D3 -0.8418345962643E+02 -0.0000000000000E+00  0.4618527782441E-12  0.1086848871304E-11  0.2214387870504E-12     
       TENDENCY_LOC%A 2D3 -0.2777777777778E-03  0.2631309809623E-03  0.1785714859402E-16  0.2061769278672E-17  0.4516721216926E-12 !!!!
       TENDENCY_LOC%Q 2D1 -0.1997382404851E-07  0.1495580073796E-07  0.1806976048122E-20  0.8635302347580E-21  0.0000000000000E+00     
       TENDENCY_LOC%T 2D3 -0.4132200394167E-04  0.5435278446361E-04  0.5211793724456E-17  0.2774428055972E-17  0.1248525141960E-11 !!!!
     TENDENCY_LOC%CLD 3D1 -0.1222481036148E-07  0.9816546350973E-08  0.5053039566933E-21  0.3876041328172E-21  0.0000000000000E+00     
