cpu-bind=MASK - ault10, task  0  0 [2553496]: mask 0xffff000000000000ffff set
     NUMPROC=1, NUMOMP=32, NGPTOTG=131072, NPROMA=1, NGPBLKS=131072
 Reference MFLOP count for 100 columns :  12.48232900
     NUMOMP    NGPTOT  #GP-cols     #BLKS    NPROMA tid# : Time(msec)  MFlops/s     col/s
         32    131072      4051      4051         1    0 :      12438        40     10537 @ rank#0:core#64
         32    131072      4077      4077         1    1 :      12438        40     10537 @ rank#0:core#0
         32    131072      4099      4099         1    2 :      12438        41     10537 @ rank#0:core#65
         32    131072      4103      4103         1    3 :      12438        41     10537 @ rank#0:core#1
         32    131072      4105      4105         1    4 :      12438        41     10537 @ rank#0:core#2
         32    131072      4112      4112         1    5 :      12438        41     10537 @ rank#0:core#66
         32    131072      4121      4121         1    6 :      12438        41     10537 @ rank#0:core#67
         32    131072      4110      4110         1    7 :      12437        41     10538 @ rank#0:core#3
         32    131072      4126      4126         1    8 :      12438        41     10538 @ rank#0:core#68
         32    131072      4131      4131         1    9 :      12438        41     10537 @ rank#0:core#4
         32    131072      3978      3978         1   10 :      12438        39     10538 @ rank#0:core#5
         32    131072      4021      4021         1   11 :      12438        40     10537 @ rank#0:core#69
         32    131072      4108      4108         1   12 :      12438        41     10537 @ rank#0:core#6
         32    131072      4116      4116         1   13 :      12438        41     10537 @ rank#0:core#70
         32    131072      4114      4114         1   14 :      12438        41     10537 @ rank#0:core#7
         32    131072      4139      4139         1   15 :      12438        41     10537 @ rank#0:core#71
         32    131072      4090      4090         1   16 :      12438        41     10537 @ rank#0:core#72
         32    131072      4082      4082         1   17 :      12438        40     10537 @ rank#0:core#8
         32    131072      4096      4096         1   18 :      12438        41     10537 @ rank#0:core#73
         32    131072      4114      4114         1   19 :      12439        41     10536 @ rank#0:core#9
         32    131072      4100      4100         1   20 :      12437        41     10538 @ rank#0:core#74
         32    131072      4103      4103         1   21 :      12437        41     10538 @ rank#0:core#10
         32    131072      4095      4095         1   22 :      12438        41     10538 @ rank#0:core#11
         32    131072      4104      4104         1   23 :      12438        41     10537 @ rank#0:core#75
         32    131072      4109      4109         1   24 :      12438        41     10537 @ rank#0:core#12
         32    131072      4100      4100         1   25 :      12438        41     10537 @ rank#0:core#76
         32    131072      4061      4061         1   26 :      12438        40     10537 @ rank#0:core#77
         32    131072      4105      4105         1   27 :      12438        41     10537 @ rank#0:core#13
         32    131072      4112      4112         1   28 :      12438        41     10537 @ rank#0:core#14
         32    131072      4077      4077         1   29 :      12438        40     10537 @ rank#0:core#78
         32    131072      4113      4113         1   30 :      12438        41     10537 @ rank#0:core#79
         32    131072      4100      4100         1   31 :      12438        41     10537 @ rank#0:core#15
         32    131072    131072    131072         1   -1 :      12440      1315     10536 : TOTAL @ rank#0
    1 x  32    131072    131072    131072         1   -1 :      12440      1315     10536 : TOTAL
             Variable Dim             MinValue             MaxValue            AbsMaxErr         AvgAbsErr/GP          MaxRelErr-%
                PLUDE 2D1  0.0000000000000E+00  0.1026720108982E-03  0.0000000000000E+00  0.0000000000000E+00  0.0000000000000E+00     
             PCOVPTOT 2D1  0.0000000000000E+00  0.1000000000000E+01  0.0000000000000E+00  0.0000000000000E+00  0.0000000000000E+00     
     PRAINFRAC_TOPRFZ 1D1  0.0000000000000E+00  0.0000000000000E+00  0.0000000000000E+00  0.0000000000000E+00  0.0000000000000E+00     
               PFSQLF 2D1 -0.2581756360096E-05  0.4080862802487E-05  0.1323488980085E-20  0.2337615364570E-21  0.0000000000000E+00     
               PFSQIF 2D1 -0.2810873821405E-05  0.3887836598167E-05  0.6617444900424E-21  0.1676556867971E-21  0.0000000000000E+00     
              PFCQLNG 2D1 -0.3555564290808E-07  0.1413389467871E-08  0.0000000000000E+00  0.0000000000000E+00  0.0000000000000E+00     
              PFCQNNG 2D1 -0.5285014021662E-06  0.8788562329576E-08  0.0000000000000E+00  0.0000000000000E+00  0.0000000000000E+00     
               PFSQRF 2D1 -0.2581756360096E-05  0.4080862802487E-05  0.1323488980085E-20  0.2112574174238E-21  0.0000000000000E+00     
               PFSQSF 2D1 -0.2768876986308E-05  0.3860349895496E-05  0.6749793798433E-21  0.1668779709187E-21  0.0000000000000E+00     
              PFCQRNG 2D1 -0.3555564290808E-07  0.1413389467871E-08  0.0000000000000E+00  0.0000000000000E+00  0.0000000000000E+00     
              PFCQSNG 2D1 -0.5285014021662E-06  0.8788562329576E-08  0.0000000000000E+00  0.0000000000000E+00  0.0000000000000E+00     
             PFSQLTUR 2D1 -0.8115949343062E-06  0.2653456385227E-06  0.0000000000000E+00  0.0000000000000E+00  0.0000000000000E+00     
             PFSQITUR 2D1 -0.2651690301090E-05  0.3864567769232E-06  0.0000000000000E+00  0.0000000000000E+00  0.0000000000000E+00     
               PFPLSL 2D1  0.0000000000000E+00  0.0000000000000E+00  0.0000000000000E+00  0.0000000000000E+00  0.0000000000000E+00     
               PFPLSN 2D1  0.0000000000000E+00  0.2969958004108E-04  0.6776263578034E-20  0.1669008138062E-20  0.0000000000000E+00     
               PFHPSL 2D1 -0.0000000000000E+00 -0.0000000000000E+00  0.0000000000000E+00  0.0000000000000E+00  0.0000000000000E+00     
               PFHPSN 2D3 -0.8418345962643E+02 -0.0000000000000E+00  0.2131628207280E-13  0.4743882559997E-14  0.9665369562696E-15     
       TENDENCY_LOC%A 2D3 -0.2777777777778E-03  0.2631309809623E-03  0.3083199928006E-18  0.6937754234816E-20  0.1519854916569E-14     
       TENDENCY_LOC%Q 2D1 -0.1997382404851E-07  0.1495580073796E-07  0.1207683694327E-21  0.3621239558577E-23  0.0000000000000E+00     
       TENDENCY_LOC%T 2D3 -0.4132200394167E-04  0.5435278446361E-04  0.2964615315390E-18  0.2330057425815E-19  0.1048553150289E-13     
     TENDENCY_LOC%CLD 3D1 -0.1222481036148E-07  0.9816546350973E-08  0.2688336990797E-22  0.1143731776861E-23  0.0000000000000E+00     
