cpu-bind=MASK - ault10, task  0  0 [2500046]: mask 0xff00000000000000ff set
     NUMPROC=1, NUMOMP=16, NGPTOTG=65536, NPROMA=4, NGPBLKS=16384
 Reference MFLOP count for 100 columns :  12.48232900
     NUMOMP    NGPTOT  #GP-cols     #BLKS    NPROMA tid# : Time(msec)  MFlops/s     col/s
         16     65536      4044      1011         4    0 :        918       549     71370 @ rank#0:core#64
         16     65536      4096      1024         4    1 :        918       556     71370 @ rank#0:core#0
         16     65536      4092      1023         4    2 :        918       556     71372 @ rank#0:core#1
         16     65536      4120      1030         4    3 :        918       560     71370 @ rank#0:core#1
         16     65536      4108      1027         4    4 :        918       558     71376 @ rank#0:core#66
         16     65536      4116      1029         4    5 :        918       559     71382 @ rank#0:core#2
         16     65536      4092      1023         4    6 :        918       556     71358 @ rank#0:core#3
         16     65536      4116      1029         4    7 :        918       559     71382 @ rank#0:core#67
         16     65536      4092      1023         4    8 :        917       556     71391 @ rank#0:core#68
         16     65536      4080      1020         4    9 :        918       554     71375 @ rank#0:core#4
         16     65536      4096      1024         4   10 :        918       556     71372 @ rank#0:core#5
         16     65536      4096      1024         4   11 :        918       556     71380 @ rank#0:core#69
         16     65536      4092      1023         4   12 :        918       556     71378 @ rank#0:core#70
         16     65536      4092      1023         4   13 :        918       556     71356 @ rank#0:core#6
         16     65536      4096      1024         4   14 :        918       556     71373 @ rank#0:core#7
         16     65536      4108      1027         4   15 :        917       558     71391 @ rank#0:core#71
         16     65536     65536     16384         4   -1 :        918      8906     71351 : TOTAL @ rank#0
    1 x  16     65536     65536     16384         4   -1 :        918      8906     71351 : TOTAL
             Variable Dim             MinValue             MaxValue            AbsMaxErr         AvgAbsErr/GP          MaxRelErr-%
                PLUDE 2D1  0.0000000000000E+00  0.1026720108982E-03  0.0000000000000E+00  0.0000000000000E+00  0.0000000000000E+00     
             PCOVPTOT 2D3  0.0000000000000E+00  0.1000000000000E+01  0.2442490654175E-14  0.1338342338090E-14  0.5022130491041E-14     
     PRAINFRAC_TOPRFZ 1D1  0.0000000000000E+00  0.0000000000000E+00  0.0000000000000E+00  0.0000000000000E+00  0.0000000000000E+00     
               PFSQLF 2D3 -0.2581756360096E-05  0.4080862802487E-05  0.1086849150446E-18  0.1945213015752E-18  0.1910388480940E-11 !!!!
               PFSQIF 2D3 -0.2810873821405E-05  0.3887836598167E-05  0.8343274530455E-19  0.1508672984074E-18  0.6732768283227E-12 !!!!
              PFCQLNG 2D1 -0.3555564290808E-07  0.1413389467871E-08  0.0000000000000E+00  0.0000000000000E+00  0.0000000000000E+00     
              PFCQNNG 2D1 -0.5285014021662E-06  0.8788562329576E-08  0.0000000000000E+00  0.0000000000000E+00  0.0000000000000E+00     
               PFSQRF 2D3 -0.2581756360096E-05  0.4080862802487E-05  0.1086849150446E-18  0.1858582377578E-18  0.1922091149529E-11 !!!!
               PFSQSF 2D3 -0.2768876986308E-05  0.3860349895496E-05  0.8216219588367E-19  0.1485114200940E-18  0.6665957274964E-12 !!!!
              PFCQRNG 2D1 -0.3555564290808E-07  0.1413389467871E-08  0.0000000000000E+00  0.0000000000000E+00  0.0000000000000E+00     
              PFCQSNG 2D1 -0.5285014021662E-06  0.8788562329576E-08  0.0000000000000E+00  0.0000000000000E+00  0.0000000000000E+00     
             PFSQLTUR 2D1 -0.8115949343062E-06  0.2653456385227E-06  0.0000000000000E+00  0.0000000000000E+00  0.0000000000000E+00     
             PFSQITUR 2D1 -0.2651690301090E-05  0.3864567769232E-06  0.0000000000000E+00  0.0000000000000E+00  0.0000000000000E+00     
               PFPLSL 2D1  0.0000000000000E+00  0.0000000000000E+00  0.0000000000000E+00  0.0000000000000E+00  0.0000000000000E+00     
               PFPLSN 2D3  0.0000000000000E+00  0.2969958004108E-04  0.1634773588201E-18  0.3833249833863E-18  0.2213728981017E-12     
               PFHPSL 2D1 -0.0000000000000E+00 -0.0000000000000E+00  0.0000000000000E+00  0.0000000000000E+00  0.0000000000000E+00     
               PFHPSN 2D3 -0.8418345962643E+02 -0.0000000000000E+00  0.4618527782441E-12  0.1086876711291E-11  0.2214425872620E-12     
       TENDENCY_LOC%A 2D3 -0.2777777777778E-03  0.2631309809623E-03  0.1785714859402E-16  0.2061980663381E-17  0.4517530629812E-12 !!!!
       TENDENCY_LOC%Q 2D1 -0.1997382404851E-07  0.1495580073796E-07  0.1806976048122E-20  0.8635680089311E-21  0.0000000000000E+00     
       TENDENCY_LOC%T 2D3 -0.4132200394167E-04  0.5435278446361E-04  0.5211793724456E-17  0.2774545663706E-17  0.1248503062446E-11 !!!!
     TENDENCY_LOC%CLD 3D1 -0.1222481036148E-07  0.9816546350973E-08  0.5053039566933E-21  0.3876335902896E-21  0.0000000000000E+00     
