cpu-bind=MASK - ault10, task  0  0 [2520439]: mask 0xffff000000000000ffff set
     NUMPROC=1, NUMOMP=32, NGPTOTG=8192, NPROMA=1, NGPBLKS=8192
 Reference MFLOP count for 100 columns :  12.48232900
     NUMOMP    NGPTOT  #GP-cols     #BLKS    NPROMA tid# : Time(msec)  MFlops/s     col/s
         32      8192       250       250         1    0 :        178       174     45789 @ rank#0:core#64
         32      8192       250       250         1    1 :        179       174     45701 @ rank#0:core#0
         32      8192       252       252         1    2 :        178       176     45837 @ rank#0:core#1
         32      8192       255       255         1    3 :        179       177     45666 @ rank#0:core#1
         32      8192       248       248         1    4 :        179       172     45734 @ rank#0:core#66
         32      8192       252       252         1    5 :        179       175     45712 @ rank#0:core#2
         32      8192       250       250         1    6 :        179       174     45679 @ rank#0:core#3
         32      8192       252       252         1    7 :        179       175     45675 @ rank#0:core#67
         32      8192       256       256         1    8 :        179       178     45705 @ rank#0:core#68
         32      8192       255       255         1    9 :        179       177     45678 @ rank#0:core#4
         32      8192       260       260         1   10 :        179       181     45719 @ rank#0:core#5
         32      8192       258       258         1   11 :        179       179     45764 @ rank#0:core#69
         32      8192       255       255         1   12 :        179       177     45702 @ rank#0:core#70
         32      8192       254       254         1   13 :        179       176     45678 @ rank#0:core#6
         32      8192       254       254         1   14 :        178       177     45782 @ rank#0:core#7
         32      8192       255       255         1   15 :        178       177     45784 @ rank#0:core#71
         32      8192       255       255         1   16 :        178       177     45770 @ rank#0:core#72
         32      8192       256       256         1   17 :        178       178     45779 @ rank#0:core#8
         32      8192       260       260         1   18 :        179       181     45693 @ rank#0:core#9
         32      8192       253       253         1   19 :        179       176     45730 @ rank#0:core#73
         32      8192       258       258         1   20 :        178       179     45776 @ rank#0:core#74
         32      8192       258       258         1   21 :        178       179     45779 @ rank#0:core#10
         32      8192       260       260         1   22 :        179       181     45688 @ rank#0:core#11
         32      8192       256       256         1   23 :        179       178     45695 @ rank#0:core#75
         32      8192       263       263         1   24 :        179       183     45725 @ rank#0:core#76
         32      8192       260       260         1   25 :        179       181     45718 @ rank#0:core#12
         32      8192       259       259         1   26 :        179       180     45723 @ rank#0:core#13
         32      8192       263       263         1   27 :        179       183     45698 @ rank#0:core#77
         32      8192       261       261         1   28 :        179       181     45736 @ rank#0:core#78
         32      8192       257       257         1   29 :        178       179     45797 @ rank#0:core#14
         32      8192       259       259         1   30 :        179       180     45724 @ rank#0:core#15
         32      8192       258       258         1   31 :        179       179     45724 @ rank#0:core#79
         32      8192      8192      8192         1   -1 :        179      5698     45651 : TOTAL @ rank#0
    1 x  32      8192      8192      8192         1   -1 :        179      5698     45651 : TOTAL
             Variable Dim             MinValue             MaxValue            AbsMaxErr         AvgAbsErr/GP          MaxRelErr-%
                PLUDE 2D1  0.0000000000000E+00  0.1026720108982E-03  0.0000000000000E+00  0.0000000000000E+00  0.0000000000000E+00     
             PCOVPTOT 2D1  0.0000000000000E+00  0.1000000000000E+01  0.0000000000000E+00  0.0000000000000E+00  0.0000000000000E+00     
     PRAINFRAC_TOPRFZ 1D1  0.0000000000000E+00  0.0000000000000E+00  0.0000000000000E+00  0.0000000000000E+00  0.0000000000000E+00     
               PFSQLF 2D1 -0.2581756360096E-05  0.4080862802487E-05  0.1323488980085E-20  0.2339398442651E-21  0.0000000000000E+00     
               PFSQIF 2D1 -0.2810873821405E-05  0.3887836598167E-05  0.6617444900424E-21  0.1677835706162E-21  0.0000000000000E+00     
              PFCQLNG 2D1 -0.3555564290808E-07  0.1413389467871E-08  0.0000000000000E+00  0.0000000000000E+00  0.0000000000000E+00     
              PFCQNNG 2D1 -0.5285014021662E-06  0.8788562329576E-08  0.0000000000000E+00  0.0000000000000E+00  0.0000000000000E+00     
               PFSQRF 2D1 -0.2581756360096E-05  0.4080862802487E-05  0.1323488980085E-20  0.2114185596187E-21  0.0000000000000E+00     
               PFSQSF 2D1 -0.2768876986308E-05  0.3860349895496E-05  0.6749793798433E-21  0.1670052615144E-21  0.0000000000000E+00     
              PFCQRNG 2D1 -0.3555564290808E-07  0.1413389467871E-08  0.0000000000000E+00  0.0000000000000E+00  0.0000000000000E+00     
              PFCQSNG 2D1 -0.5285014021662E-06  0.8788562329576E-08  0.0000000000000E+00  0.0000000000000E+00  0.0000000000000E+00     
             PFSQLTUR 2D1 -0.8115949343062E-06  0.2653456385227E-06  0.0000000000000E+00  0.0000000000000E+00  0.0000000000000E+00     
             PFSQITUR 2D1 -0.2651690301090E-05  0.3864567769232E-06  0.0000000000000E+00  0.0000000000000E+00  0.0000000000000E+00     
               PFPLSL 2D1  0.0000000000000E+00  0.0000000000000E+00  0.0000000000000E+00  0.0000000000000E+00  0.0000000000000E+00     
               PFPLSN 2D1  0.0000000000000E+00  0.2969958004108E-04  0.6776263578034E-20  0.1670232753109E-20  0.0000000000000E+00     
               PFHPSL 2D1 -0.0000000000000E+00 -0.0000000000000E+00  0.0000000000000E+00  0.0000000000000E+00  0.0000000000000E+00     
               PFHPSN 2D3 -0.8418345962643E+02 -0.0000000000000E+00  0.2131628207280E-13  0.4747450262771E-14  0.9674960412121E-15     
       TENDENCY_LOC%A 2D1 -0.2777777777778E-03  0.2631309809623E-03  0.3083199928006E-18  0.6943032559930E-20  0.0000000000000E+00     
       TENDENCY_LOC%Q 2D1 -0.1997382404851E-07  0.1495580073796E-07  0.1207683694327E-21  0.3624001755036E-23  0.0000000000000E+00     
       TENDENCY_LOC%T 2D1 -0.4132200394167E-04  0.5435278446361E-04  0.2964615315390E-18  0.2331648148053E-19  0.0000000000000E+00     
     TENDENCY_LOC%CLD 3D1 -0.1222481036148E-07  0.9816546350973E-08  0.2688336990797E-22  0.1144592405619E-23  0.0000000000000E+00     
