cpu-bind=MASK - ault10, task  0  0 [2548282]: mask 0xffff000000000000ffff set
     NUMPROC=1, NUMOMP=32, NGPTOTG=65536, NPROMA=16, NGPBLKS=4096
 Reference MFLOP count for 100 columns :  12.48232900
     NUMOMP    NGPTOT  #GP-cols     #BLKS    NPROMA tid# : Time(msec)  MFlops/s     col/s
         32     65536      2000       125        16    0 :        316       788    207071 @ rank#0:core#64
         32     65536      2000       125        16    1 :        317       787    206649 @ rank#0:core#0
         32     65536      2016       126        16    2 :        316       794    207040 @ rank#0:core#1
         32     65536      2016       126        16    3 :        316       795    207219 @ rank#0:core#1
         32     65536      2016       126        16    4 :        316       794    206909 @ rank#0:core#66
         32     65536      2016       126        16    5 :        317       791    206119 @ rank#0:core#2
         32     65536      2000       125        16    6 :        317       787    206605 @ rank#0:core#3
         32     65536      2016       126        16    7 :        317       793    206598 @ rank#0:core#67
         32     65536      2016       126        16    8 :        317       793    206685 @ rank#0:core#68
         32     65536      2016       126        16    9 :        316       794    207035 @ rank#0:core#4
         32     65536      2016       126        16   10 :        316       795    207190 @ rank#0:core#5
         32     65536      2032       127        16   11 :        317       799    206521 @ rank#0:core#69
         32     65536      2048       128        16   12 :        317       805    206466 @ rank#0:core#70
         32     65536      2000       125        16   13 :        317       786    206572 @ rank#0:core#6
         32     65536      2016       126        16   14 :        316       795    207178 @ rank#0:core#7
         32     65536      2032       127        16   15 :        316       802    207290 @ rank#0:core#71
         32     65536      2064       129        16   16 :        317       812    206576 @ rank#0:core#72
         32     65536      2064       129        16   17 :        317       811    206407 @ rank#0:core#8
         32     65536      2080       130        16   18 :        316       819    206955 @ rank#0:core#9
         32     65536      2080       130        16   19 :        317       818    206648 @ rank#0:core#73
         32     65536      2096       131        16   20 :        317       824    206554 @ rank#0:core#74
         32     65536      2096       131        16   21 :        316       826    207097 @ rank#0:core#10
         32     65536      2096       131        16   22 :        317       825    206701 @ rank#0:core#11
         32     65536      2064       129        16   23 :        316       814    207298 @ rank#0:core#75
         32     65536      2096       131        16   24 :        317       824    206489 @ rank#0:core#76
         32     65536      2064       129        16   25 :        317       811    206480 @ rank#0:core#12
         32     65536      2096       131        16   26 :        317       823    206287 @ rank#0:core#13
         32     65536      2112       132        16   27 :        317       830    206428 @ rank#0:core#77
         32     65536      2064       129        16   28 :        317       811    206423 @ rank#0:core#78
         32     65536      2096       131        16   29 :        318       822    206006 @ rank#0:core#14
         32     65536      2064       129        16   30 :        317       811    206313 @ rank#0:core#15
         32     65536      2048       128        16   31 :        316       807    207038 @ rank#0:core#79
         32     65536     65536      4096        16   -1 :        318     25702    205913 : TOTAL @ rank#0
    1 x  32     65536     65536      4096        16   -1 :        318     25702    205913 : TOTAL
             Variable Dim             MinValue             MaxValue            AbsMaxErr         AvgAbsErr/GP          MaxRelErr-%
                PLUDE 2D1  0.0000000000000E+00  0.1026720108982E-03  0.0000000000000E+00  0.0000000000000E+00  0.0000000000000E+00     
             PCOVPTOT 2D3  0.0000000000000E+00  0.1000000000000E+01  0.2442490654175E-14  0.1338342338090E-14  0.5022130491041E-14     
     PRAINFRAC_TOPRFZ 1D1  0.0000000000000E+00  0.0000000000000E+00  0.0000000000000E+00  0.0000000000000E+00  0.0000000000000E+00     
               PFSQLF 2D3 -0.2581756360096E-05  0.4080862802487E-05  0.1086849150446E-18  0.1945213015752E-18  0.1910388480940E-11 !!!!
               PFSQIF 2D3 -0.2810873821405E-05  0.3887836598167E-05  0.8343274530455E-19  0.1508672984074E-18  0.6732768283227E-12 !!!!
              PFCQLNG 2D1 -0.3555564290808E-07  0.1413389467871E-08  0.0000000000000E+00  0.0000000000000E+00  0.0000000000000E+00     
              PFCQNNG 2D1 -0.5285014021662E-06  0.8788562329576E-08  0.0000000000000E+00  0.0000000000000E+00  0.0000000000000E+00     
               PFSQRF 2D3 -0.2581756360096E-05  0.4080862802487E-05  0.1086849150446E-18  0.1858582377578E-18  0.1922091149529E-11 !!!!
               PFSQSF 2D3 -0.2768876986308E-05  0.3860349895496E-05  0.8216219588367E-19  0.1485114200940E-18  0.6665957274964E-12 !!!!
              PFCQRNG 2D1 -0.3555564290808E-07  0.1413389467871E-08  0.0000000000000E+00  0.0000000000000E+00  0.0000000000000E+00     
              PFCQSNG 2D1 -0.5285014021662E-06  0.8788562329576E-08  0.0000000000000E+00  0.0000000000000E+00  0.0000000000000E+00     
             PFSQLTUR 2D1 -0.8115949343062E-06  0.2653456385227E-06  0.0000000000000E+00  0.0000000000000E+00  0.0000000000000E+00     
             PFSQITUR 2D1 -0.2651690301090E-05  0.3864567769232E-06  0.0000000000000E+00  0.0000000000000E+00  0.0000000000000E+00     
               PFPLSL 2D1  0.0000000000000E+00  0.0000000000000E+00  0.0000000000000E+00  0.0000000000000E+00  0.0000000000000E+00     
               PFPLSN 2D3  0.0000000000000E+00  0.2969958004108E-04  0.1634773588201E-18  0.3833249833863E-18  0.2213728981017E-12     
               PFHPSL 2D1 -0.0000000000000E+00 -0.0000000000000E+00  0.0000000000000E+00  0.0000000000000E+00  0.0000000000000E+00     
               PFHPSN 2D3 -0.8418345962643E+02 -0.0000000000000E+00  0.4618527782441E-12  0.1086876711291E-11  0.2214425872620E-12     
       TENDENCY_LOC%A 2D3 -0.2777777777778E-03  0.2631309809623E-03  0.1785714859402E-16  0.2061980663381E-17  0.4517530629812E-12 !!!!
       TENDENCY_LOC%Q 2D1 -0.1997382404851E-07  0.1495580073796E-07  0.1806976048122E-20  0.8635680089311E-21  0.0000000000000E+00     
       TENDENCY_LOC%T 2D3 -0.4132200394167E-04  0.5435278446361E-04  0.5211793724456E-17  0.2774545663706E-17  0.1248503062446E-11 !!!!
     TENDENCY_LOC%CLD 3D1 -0.1222481036148E-07  0.9816546350973E-08  0.5053039566933E-21  0.3876335902896E-21  0.0000000000000E+00     
