cpu-bind=MASK - ault07, task  0  0 [1897434]: mask 0xffff000000000000ffff set
     NUMPROC=1, NUMOMP=32, NGPTOTG=262144, NPROMA=128, NGPBLKS=2048
 Reference MFLOP count for 100 columns :  12.48232900
     NUMOMP    NGPTOT  #GP-cols     #BLKS    NPROMA tid# : Time(msec)  MFlops/s     col/s
         32    262144      7296        57       128    0 :       1333       683    196600 @ rank#0:core#64
         32    262144      8192        64       128    1 :       1334       766    196386 @ rank#0:core#0
         32    262144      8192        64       128    2 :       1338       763    195801 @ rank#0:core#1
         32    262144      8192        64       128    3 :       1343       761    195120 @ rank#0:core#65
         32    262144      8192        64       128    4 :       1339       763    195773 @ rank#0:core#2
         32    262144      8192        64       128    5 :       1334       766    196448 @ rank#0:core#66
         32    262144      8192        64       128    6 :       1337       764    196067 @ rank#0:core#3
         32    262144      8192        64       128    7 :       1334       766    196440 @ rank#0:core#67
         32    262144      8064        63       128    8 :       1341       750    195379 @ rank#0:core#68
         32    262144      8192        64       128    9 :       1346       759    194729 @ rank#0:core#4
         32    262144      8064        63       128   10 :       1345       748    194838 @ rank#0:core#5
         32    262144      8064        63       128   11 :       1333       754    196515 @ rank#0:core#69
         32    262144      8064        63       128   12 :       1335       753    196235 @ rank#0:core#70
         32    262144      8064        63       128   13 :       1333       754    196624 @ rank#0:core#6
         32    262144      8192        64       128   14 :       1344       760    194922 @ rank#0:core#7
         32    262144      8064        63       128   15 :       1333       754    196532 @ rank#0:core#71
         32    262144      8320        65       128   16 :       1340       774    195612 @ rank#0:core#72
         32    262144      8320        65       128   17 :       1333       778    196528 @ rank#0:core#8
         32    262144      8320        65       128   18 :       1341       774    195400 @ rank#0:core#9
         32    262144      8320        65       128   19 :       1339       775    195762 @ rank#0:core#73
         32    262144      8320        65       128   20 :       1339       775    195768 @ rank#0:core#74
         32    262144      8320        65       128   21 :       1341       774    195425 @ rank#0:core#10
         32    262144      8320        65       128   22 :       1346       771    194657 @ rank#0:core#11
         32    262144      8320        65       128   23 :       1341       774    195381 @ rank#0:core#75
         32    262144      8192        64       128   24 :       1336       765    196132 @ rank#0:core#76
         32    262144      8320        65       128   25 :       1344       772    195028 @ rank#0:core#12
         32    262144      8320        65       128   26 :       1348       769    194344 @ rank#0:core#13
         32    262144      8320        65       128   27 :       1345       771    194781 @ rank#0:core#77
         32    262144      8320        65       128   28 :       1346       771    194652 @ rank#0:core#78
         32    262144      8192        64       128   29 :       1337       764    196035 @ rank#0:core#14
         32    262144      8192        64       128   30 :       1338       763    195776 @ rank#0:core#15
         32    262144      8320        65       128   31 :       1344       772    194942 @ rank#0:core#79
         32    262144    262144      2048       128   -1 :       1349     24256    194323 : TOTAL @ rank#0
    1 x  32    262144    262144      2048       128   -1 :       1349     24256    194323 : TOTAL
             Variable Dim             MinValue             MaxValue            AbsMaxErr         AvgAbsErr/GP          MaxRelErr-%
                PLUDE 2D1  0.0000000000000E+00  0.1026720108982E-03  0.0000000000000E+00  0.0000000000000E+00  0.0000000000000E+00     
             PCOVPTOT 2D3  0.0000000000000E+00  0.1000000000000E+01  0.2442490654175E-14  0.1338449170120E-14  0.5022634984648E-14     
     PRAINFRAC_TOPRFZ 1D1  0.0000000000000E+00  0.0000000000000E+00  0.0000000000000E+00  0.0000000000000E+00  0.0000000000000E+00     
               PFSQLF 2D3 -0.2581756360096E-05  0.4080862802487E-05  0.1086849150446E-18  0.1944827154974E-18  0.1909879370414E-11 !!!!
               PFSQIF 2D3 -0.2810873821405E-05  0.3887836598167E-05  0.8343274530455E-19  0.1508587726554E-18  0.6732185202831E-12 !!!!
              PFCQLNG 2D1 -0.3555564290808E-07  0.1413389467871E-08  0.0000000000000E+00  0.0000000000000E+00  0.0000000000000E+00     
              PFCQNNG 2D1 -0.5285014021662E-06  0.8788562329576E-08  0.0000000000000E+00  0.0000000000000E+00  0.0000000000000E+00     
               PFSQRF 2D3 -0.2581756360096E-05  0.4080862802487E-05  0.1086849150446E-18  0.1858211185967E-18  0.1921578856384E-11 !!!!
               PFSQSF 2D3 -0.2768876986308E-05  0.3860349895496E-05  0.8216219588367E-19  0.1485029857133E-18  0.6665363521197E-12 !!!!
              PFCQRNG 2D1 -0.3555564290808E-07  0.1413389467871E-08  0.0000000000000E+00  0.0000000000000E+00  0.0000000000000E+00     
              PFCQSNG 2D1 -0.5285014021662E-06  0.8788562329576E-08  0.0000000000000E+00  0.0000000000000E+00  0.0000000000000E+00     
             PFSQLTUR 2D1 -0.8115949343062E-06  0.2653456385227E-06  0.0000000000000E+00  0.0000000000000E+00  0.0000000000000E+00     
             PFSQITUR 2D1 -0.2651690301090E-05  0.3864567769232E-06  0.0000000000000E+00  0.0000000000000E+00  0.0000000000000E+00     
               PFPLSL 2D1  0.0000000000000E+00  0.0000000000000E+00  0.0000000000000E+00  0.0000000000000E+00  0.0000000000000E+00     
               PFPLSN 2D3  0.0000000000000E+00  0.2969958004108E-04  0.1634773588201E-18  0.3833205973066E-18  0.2213617314798E-12     
               PFHPSL 2D1 -0.0000000000000E+00 -0.0000000000000E+00  0.0000000000000E+00  0.0000000000000E+00  0.0000000000000E+00     
               PFHPSN 2D3 -0.8418345962643E+02 -0.0000000000000E+00  0.4618527782441E-12  0.1086864570289E-11  0.2214314772787E-12     
       TENDENCY_LOC%A 2D3 -0.2777777777778E-03  0.2631309809623E-03  0.1785714859402E-16  0.2061969643246E-17  0.4517092612077E-12 !!!!
       TENDENCY_LOC%Q 2D3 -0.1997382404851E-07  0.1495580073796E-07  0.1806976048122E-20  0.8635259987013E-21  0.1102412406643E-11 !!!!
       TENDENCY_LOC%T 2D3 -0.4132200394167E-04  0.5435278446361E-04  0.5211793724456E-17  0.2774436649255E-17  0.1248479237774E-11 !!!!
     TENDENCY_LOC%CLD 3D1 -0.1222481036148E-07  0.9816546350973E-08  0.5053039566933E-21  0.3876127713135E-21  0.0000000000000E+00     
