cpu-bind=MASK - ault10, task  0  0 [2548754]: mask 0xffff000000000000ffff set
     NUMPROC=1, NUMOMP=32, NGPTOTG=65536, NPROMA=16, NGPBLKS=4096
 Reference MFLOP count for 100 columns :  12.48232900
     NUMOMP    NGPTOT  #GP-cols     #BLKS    NPROMA tid# : Time(msec)  MFlops/s     col/s
         32     65536      2032       127        16    0 :        314       806    208382 @ rank#0:core#0
         32     65536      2048       128        16    1 :        313       814    208827 @ rank#0:core#64
         32     65536      2048       128        16    2 :        313       814    208799 @ rank#0:core#1
         32     65536      2032       127        16    3 :        311       813    210097 @ rank#0:core#1
         32     65536      2016       126        16    4 :        313       801    208748 @ rank#0:core#2
         32     65536      2032       127        16    5 :        313       808    208833 @ rank#0:core#66
         32     65536      2016       126        16    6 :        314       801    208632 @ rank#0:core#67
         32     65536      2032       127        16    7 :        314       807    208633 @ rank#0:core#3
         32     65536      2016       126        16    8 :        312       804    209486 @ rank#0:core#4
         32     65536      2016       126        16    9 :        312       804    209404 @ rank#0:core#68
         32     65536      2032       127        16   10 :        313       809    209072 @ rank#0:core#69
         32     65536      2032       127        16   11 :        312       810    209482 @ rank#0:core#5
         32     65536      2016       126        16   12 :        313       802    209044 @ rank#0:core#6
         32     65536      2032       127        16   13 :        314       806    208355 @ rank#0:core#70
         32     65536      2032       127        16   14 :        312       810    209428 @ rank#0:core#71
         32     65536      2016       126        16   15 :        313       802    208983 @ rank#0:core#7
         32     65536      2080       130        16   16 :        314       826    208675 @ rank#0:core#8
         32     65536      2048       128        16   17 :        314       814    208713 @ rank#0:core#72
         32     65536      2064       129        16   18 :        312       823    209398 @ rank#0:core#73
         32     65536      2064       129        16   19 :        313       820    208741 @ rank#0:core#9
         32     65536      2064       129        16   20 :        314       820    208641 @ rank#0:core#10
         32     65536      2048       128        16   21 :        314       814    208706 @ rank#0:core#74
         32     65536      2096       131        16   22 :        312       836    209506 @ rank#0:core#75
         32     65536      2048       128        16   23 :        312       817    209597 @ rank#0:core#11
         32     65536      2080       130        16   24 :        314       825    208433 @ rank#0:core#12
         32     65536      2080       130        16   25 :        314       825    208263 @ rank#0:core#76
         32     65536      2096       131        16   26 :        313       833    208897 @ rank#0:core#77
         32     65536      2048       128        16   27 :        312       817    209503 @ rank#0:core#13
         32     65536      2080       130        16   28 :        312       829    209394 @ rank#0:core#14
         32     65536      2064       129        16   29 :        312       823    209394 @ rank#0:core#78
         32     65536      2080       130        16   30 :        312       830    209588 @ rank#0:core#79
         32     65536      2048       128        16   31 :        312       817    209585 @ rank#0:core#15
         32     65536     65536      4096        16   -1 :        314     25990    208215 : TOTAL @ rank#0
    1 x  32     65536     65536      4096        16   -1 :        314     25990    208215 : TOTAL
             Variable Dim             MinValue             MaxValue            AbsMaxErr         AvgAbsErr/GP          MaxRelErr-%
                PLUDE 2D1  0.0000000000000E+00  0.1026720108982E-03  0.0000000000000E+00  0.0000000000000E+00  0.0000000000000E+00     
             PCOVPTOT 2D3  0.0000000000000E+00  0.1000000000000E+01  0.2442490654175E-14  0.1338342338090E-14  0.5022130491041E-14     
     PRAINFRAC_TOPRFZ 1D1  0.0000000000000E+00  0.0000000000000E+00  0.0000000000000E+00  0.0000000000000E+00  0.0000000000000E+00     
               PFSQLF 2D3 -0.2581756360096E-05  0.4080862802487E-05  0.1086849150446E-18  0.1945213015752E-18  0.1910388480940E-11 !!!!
               PFSQIF 2D3 -0.2810873821405E-05  0.3887836598167E-05  0.8343274530455E-19  0.1508672984074E-18  0.6732768283227E-12 !!!!
              PFCQLNG 2D1 -0.3555564290808E-07  0.1413389467871E-08  0.0000000000000E+00  0.0000000000000E+00  0.0000000000000E+00     
              PFCQNNG 2D1 -0.5285014021662E-06  0.8788562329576E-08  0.0000000000000E+00  0.0000000000000E+00  0.0000000000000E+00     
               PFSQRF 2D3 -0.2581756360096E-05  0.4080862802487E-05  0.1086849150446E-18  0.1858582377578E-18  0.1922091149529E-11 !!!!
               PFSQSF 2D3 -0.2768876986308E-05  0.3860349895496E-05  0.8216219588367E-19  0.1485114200940E-18  0.6665957274964E-12 !!!!
              PFCQRNG 2D1 -0.3555564290808E-07  0.1413389467871E-08  0.0000000000000E+00  0.0000000000000E+00  0.0000000000000E+00     
              PFCQSNG 2D1 -0.5285014021662E-06  0.8788562329576E-08  0.0000000000000E+00  0.0000000000000E+00  0.0000000000000E+00     
             PFSQLTUR 2D1 -0.8115949343062E-06  0.2653456385227E-06  0.0000000000000E+00  0.0000000000000E+00  0.0000000000000E+00     
             PFSQITUR 2D1 -0.2651690301090E-05  0.3864567769232E-06  0.0000000000000E+00  0.0000000000000E+00  0.0000000000000E+00     
               PFPLSL 2D1  0.0000000000000E+00  0.0000000000000E+00  0.0000000000000E+00  0.0000000000000E+00  0.0000000000000E+00     
               PFPLSN 2D3  0.0000000000000E+00  0.2969958004108E-04  0.1634773588201E-18  0.3833249833863E-18  0.2213728981017E-12     
               PFHPSL 2D1 -0.0000000000000E+00 -0.0000000000000E+00  0.0000000000000E+00  0.0000000000000E+00  0.0000000000000E+00     
               PFHPSN 2D3 -0.8418345962643E+02 -0.0000000000000E+00  0.4618527782441E-12  0.1086876711291E-11  0.2214425872620E-12     
       TENDENCY_LOC%A 2D3 -0.2777777777778E-03  0.2631309809623E-03  0.1785714859402E-16  0.2061980663381E-17  0.4517530629812E-12 !!!!
       TENDENCY_LOC%Q 2D1 -0.1997382404851E-07  0.1495580073796E-07  0.1806976048122E-20  0.8635680089311E-21  0.0000000000000E+00     
       TENDENCY_LOC%T 2D3 -0.4132200394167E-04  0.5435278446361E-04  0.5211793724456E-17  0.2774545663706E-17  0.1248503062446E-11 !!!!
     TENDENCY_LOC%CLD 3D1 -0.1222481036148E-07  0.9816546350973E-08  0.5053039566933E-21  0.3876335902896E-21  0.0000000000000E+00     
