cpu-bind=MASK - ault07, task  0  0 [1895651]: mask 0xffff000000000000ffff set
     NUMPROC=1, NUMOMP=32, NGPTOTG=262144, NPROMA=16, NGPBLKS=16384
 Reference MFLOP count for 100 columns :  12.48232900
     NUMOMP    NGPTOT  #GP-cols     #BLKS    NPROMA tid# : Time(msec)  MFlops/s     col/s
         32    262144      8144       509        16    0 :       1232       824    212716 @ rank#0:core#64
         32    262144      8176       511        16    1 :       1232       827    212669 @ rank#0:core#0
         32    262144      8192       512        16    2 :       1233       828    212445 @ rank#0:core#1
         32    262144      8256       516        16    3 :       1233       835    212481 @ rank#0:core#65
         32    262144      8144       509        16    4 :       1231       825    212827 @ rank#0:core#66
         32    262144      8128       508        16    5 :       1232       822    212623 @ rank#0:core#2
         32    262144      8144       509        16    6 :       1232       824    212661 @ rank#0:core#3
         32    262144      8240       515        16    7 :       1233       834    212590 @ rank#0:core#67
         32    262144      8240       515        16    8 :       1234       833    212433 @ rank#0:core#68
         32    262144      8224       514        16    9 :       1232       832    212631 @ rank#0:core#4
         32    262144      8192       512        16   10 :       1233       828    212466 @ rank#0:core#5
         32    262144      8256       516        16   11 :       1232       836    212683 @ rank#0:core#69
         32    262144      8208       513        16   12 :       1232       831    212773 @ rank#0:core#70
         32    262144      8112       507        16   13 :       1233       820    212483 @ rank#0:core#6
         32    262144      8240       515        16   14 :       1232       834    212632 @ rank#0:core#7
         32    262144      8240       515        16   15 :       1232       834    212696 @ rank#0:core#71
         32    262144      8160       510        16   16 :       1232       826    212624 @ rank#0:core#72
         32    262144      8128       508        16   17 :       1233       822    212559 @ rank#0:core#8
         32    262144      8192       512        16   18 :       1234       828    212426 @ rank#0:core#9
         32    262144      8224       514        16   19 :       1233       832    212506 @ rank#0:core#73
         32    262144      8192       512        16   20 :       1232       829    212631 @ rank#0:core#74
         32    262144      8192       512        16   21 :       1233       829    212595 @ rank#0:core#10
         32    262144      8192       512        16   22 :       1232       829    212646 @ rank#0:core#11
         32    262144      8208       513        16   23 :       1233       830    212490 @ rank#0:core#75
         32    262144      8224       514        16   24 :       1232       832    212701 @ rank#0:core#76
         32    262144      8224       514        16   25 :       1232       833    212775 @ rank#0:core#12
         32    262144      8208       513        16   26 :       1232       830    212611 @ rank#0:core#13
         32    262144      8160       510        16   27 :       1234       825    212425 @ rank#0:core#77
         32    262144      8176       511        16   28 :       1232       827    212671 @ rank#0:core#78
         32    262144      8096       506        16   29 :       1232       819    212697 @ rank#0:core#14
         32    262144      8208       513        16   30 :       1232       831    212751 @ rank#0:core#15
         32    262144      8224       514        16   31 :       1232       833    212741 @ rank#0:core#79
         32    262144    262144     16384        16   -1 :       1234     26512    212400 : TOTAL @ rank#0
    1 x  32    262144    262144     16384        16   -1 :       1234     26512    212400 : TOTAL
             Variable Dim             MinValue             MaxValue            AbsMaxErr         AvgAbsErr/GP          MaxRelErr-%
                PLUDE 2D1  0.0000000000000E+00  0.1026720108982E-03  0.0000000000000E+00  0.0000000000000E+00  0.0000000000000E+00     
             PCOVPTOT 2D3  0.0000000000000E+00  0.1000000000000E+01  0.2442490654175E-14  0.1338449170120E-14  0.5022634984648E-14     
     PRAINFRAC_TOPRFZ 1D1  0.0000000000000E+00  0.0000000000000E+00  0.0000000000000E+00  0.0000000000000E+00  0.0000000000000E+00     
               PFSQLF 2D3 -0.2581756360096E-05  0.4080862802487E-05  0.1086849150446E-18  0.1944827154974E-18  0.1909879370414E-11 !!!!
               PFSQIF 2D3 -0.2810873821405E-05  0.3887836598167E-05  0.8343274530455E-19  0.1508587726554E-18  0.6732185202831E-12 !!!!
              PFCQLNG 2D1 -0.3555564290808E-07  0.1413389467871E-08  0.0000000000000E+00  0.0000000000000E+00  0.0000000000000E+00     
              PFCQNNG 2D1 -0.5285014021662E-06  0.8788562329576E-08  0.0000000000000E+00  0.0000000000000E+00  0.0000000000000E+00     
               PFSQRF 2D3 -0.2581756360096E-05  0.4080862802487E-05  0.1086849150446E-18  0.1858211185967E-18  0.1921578856384E-11 !!!!
               PFSQSF 2D3 -0.2768876986308E-05  0.3860349895496E-05  0.8216219588367E-19  0.1485029857133E-18  0.6665363521197E-12 !!!!
              PFCQRNG 2D1 -0.3555564290808E-07  0.1413389467871E-08  0.0000000000000E+00  0.0000000000000E+00  0.0000000000000E+00     
              PFCQSNG 2D1 -0.5285014021662E-06  0.8788562329576E-08  0.0000000000000E+00  0.0000000000000E+00  0.0000000000000E+00     
             PFSQLTUR 2D1 -0.8115949343062E-06  0.2653456385227E-06  0.0000000000000E+00  0.0000000000000E+00  0.0000000000000E+00     
             PFSQITUR 2D1 -0.2651690301090E-05  0.3864567769232E-06  0.0000000000000E+00  0.0000000000000E+00  0.0000000000000E+00     
               PFPLSL 2D1  0.0000000000000E+00  0.0000000000000E+00  0.0000000000000E+00  0.0000000000000E+00  0.0000000000000E+00     
               PFPLSN 2D3  0.0000000000000E+00  0.2969958004108E-04  0.1634773588201E-18  0.3833205973066E-18  0.2213617314798E-12     
               PFHPSL 2D1 -0.0000000000000E+00 -0.0000000000000E+00  0.0000000000000E+00  0.0000000000000E+00  0.0000000000000E+00     
               PFHPSN 2D3 -0.8418345962643E+02 -0.0000000000000E+00  0.4618527782441E-12  0.1086864570289E-11  0.2214314772787E-12     
       TENDENCY_LOC%A 2D3 -0.2777777777778E-03  0.2631309809623E-03  0.1785714859402E-16  0.2061969643246E-17  0.4517092612077E-12 !!!!
       TENDENCY_LOC%Q 2D3 -0.1997382404851E-07  0.1495580073796E-07  0.1806976048122E-20  0.8635259987013E-21  0.1102412406643E-11 !!!!
       TENDENCY_LOC%T 2D3 -0.4132200394167E-04  0.5435278446361E-04  0.5211793724456E-17  0.2774436649255E-17  0.1248479237774E-11 !!!!
     TENDENCY_LOC%CLD 3D1 -0.1222481036148E-07  0.9816546350973E-08  0.5053039566933E-21  0.3876127713135E-21  0.0000000000000E+00     
