cpu-bind=MASK - ault10, task  0  0 [2558209]: mask 0xffff000000000000ffff set
     NUMPROC=1, NUMOMP=32, NGPTOTG=131072, NPROMA=32, NGPBLKS=4096
 Reference MFLOP count for 100 columns :  12.48232900
     NUMOMP    NGPTOT  #GP-cols     #BLKS    NPROMA tid# : Time(msec)  MFlops/s     col/s
         32    131072      4352       136        32    0 :      11783        46     11123 @ rank#0:core#0
         32    131072      3456       108        32    1 :      12803        33     10237 @ rank#0:core#64
         32    131072      4448       139        32    2 :      11779        47     11126 @ rank#0:core#1
         32    131072      4416       138        32    3 :      11780        46     11126 @ rank#0:core#65
         32    131072      3392       106        32    4 :      12798        33     10241 @ rank#0:core#66
         32    131072      4512       141        32    5 :      11774        47     11131 @ rank#0:core#2
         32    131072      4448       139        32    6 :      11778        47     11128 @ rank#0:core#67
         32    131072      4416       138        32    7 :      11813        46     11094 @ rank#0:core#3
         32    131072      4448       139        32    8 :      11805        47     11102 @ rank#0:core#68
         32    131072      4416       138        32    9 :      11785        46     11121 @ rank#0:core#4
         32    131072      4320       135        32   10 :      11776        45     11130 @ rank#0:core#5
         32    131072      4288       134        32   11 :      11778        45     11128 @ rank#0:core#69
         32    131072      4416       138        32   12 :      11814        46     11094 @ rank#0:core#6
         32    131072      3424       107        32   13 :      12796        33     10242 @ rank#0:core#70
         32    131072      3488       109        32   14 :      12798        34     10240 @ rank#0:core#71
         32    131072      3392       106        32   15 :      12803        33     10236 @ rank#0:core#7
         32    131072      4512       141        32   16 :      11813        47     11095 @ rank#0:core#72
         32    131072      3392       106        32   17 :      12751        33     10279 @ rank#0:core#8
         32    131072      4384       137        32   18 :      11783        46     11123 @ rank#0:core#73
         32    131072      3392       106        32   19 :      12756        33     10275 @ rank#0:core#9
         32    131072      3328       104        32   20 :      12720        32     10303 @ rank#0:core#74
         32    131072      4320       135        32   21 :      11772        45     11134 @ rank#0:core#10
         32    131072      4352       136        32   22 :      11774        46     11131 @ rank#0:core#75
         32    131072      4416       138        32   23 :      11768        46     11137 @ rank#0:core#11
         32    131072      4448       139        32   24 :      11810        47     11097 @ rank#0:core#12
         32    131072      3456       108        32   25 :      12765        33     10267 @ rank#0:core#76
         32    131072      3392       106        32   26 :      12758        33     10272 @ rank#0:core#77
         32    131072      4416       138        32   27 :      11785        46     11121 @ rank#0:core#13
         32    131072      4384       137        32   28 :      11786        46     11120 @ rank#0:core#78
         32    131072      4448       139        32   29 :      11789        47     11117 @ rank#0:core#14
         32    131072      4416       138        32   30 :      11792        46     11114 @ rank#0:core#15
         32    131072      4384       137        32   31 :      11778        46     11128 @ rank#0:core#79
         32    131072    131072      4096        32   -1 :      12809      1277     10232 : TOTAL @ rank#0
    1 x  32    131072    131072      4096        32   -1 :      12809      1277     10232 : TOTAL
             Variable Dim             MinValue             MaxValue            AbsMaxErr         AvgAbsErr/GP          MaxRelErr-%
                PLUDE 2D1  0.0000000000000E+00  0.1026720108982E-03  0.0000000000000E+00  0.0000000000000E+00  0.0000000000000E+00     
             PCOVPTOT 2D3  0.0000000000000E+00  0.1000000000000E+01  0.2442490654175E-14  0.1338535673360E-14  0.5022937188775E-14     
     PRAINFRAC_TOPRFZ 1D1  0.0000000000000E+00  0.0000000000000E+00  0.0000000000000E+00  0.0000000000000E+00  0.0000000000000E+00     
               PFSQLF 2D3 -0.2581756360096E-05  0.4080862802487E-05  0.1086849150446E-18  0.1944632938679E-18  0.1909904907141E-11 !!!!
               PFSQIF 2D3 -0.2810873821405E-05  0.3887836598167E-05  0.8343274530455E-19  0.1508647283941E-18  0.6732297736200E-12 !!!!
              PFCQLNG 2D1 -0.3555564290808E-07  0.1413389467871E-08  0.0000000000000E+00  0.0000000000000E+00  0.0000000000000E+00     
              PFCQNNG 2D1 -0.5285014021662E-06  0.8788562329576E-08  0.0000000000000E+00  0.0000000000000E+00  0.0000000000000E+00     
               PFSQRF 2D3 -0.2581756360096E-05  0.4080862802487E-05  0.1086849150446E-18  0.1858026272425E-18  0.1921605057655E-11 !!!!
               PFSQSF 2D3 -0.2768876986308E-05  0.3860349895496E-05  0.8216219588367E-19  0.1485086087578E-18  0.6665455864796E-12 !!!!
              PFCQRNG 2D1 -0.3555564290808E-07  0.1413389467871E-08  0.0000000000000E+00  0.0000000000000E+00  0.0000000000000E+00     
              PFCQSNG 2D1 -0.5285014021662E-06  0.8788562329576E-08  0.0000000000000E+00  0.0000000000000E+00  0.0000000000000E+00     
             PFSQLTUR 2D1 -0.8115949343062E-06  0.2653456385227E-06  0.0000000000000E+00  0.0000000000000E+00  0.0000000000000E+00     
             PFSQITUR 2D1 -0.2651690301090E-05  0.3864567769232E-06  0.0000000000000E+00  0.0000000000000E+00  0.0000000000000E+00     
               PFPLSL 2D1  0.0000000000000E+00  0.0000000000000E+00  0.0000000000000E+00  0.0000000000000E+00  0.0000000000000E+00     
               PFPLSN 2D3  0.0000000000000E+00  0.2969958004108E-04  0.1634773588201E-18  0.3833150731870E-18  0.2213690462683E-12     
               PFHPSL 2D1 -0.0000000000000E+00 -0.0000000000000E+00  0.0000000000000E+00  0.0000000000000E+00  0.0000000000000E+00     
               PFHPSN 2D3 -0.8418345962643E+02 -0.0000000000000E+00  0.4618527782441E-12  0.1086848871304E-11  0.2214387870504E-12     
       TENDENCY_LOC%A 2D3 -0.2777777777778E-03  0.2631309809623E-03  0.1785714859402E-16  0.2061769278672E-17  0.4516721216926E-12 !!!!
       TENDENCY_LOC%Q 2D1 -0.1997382404851E-07  0.1495580073796E-07  0.1806976048122E-20  0.8635302347580E-21  0.0000000000000E+00     
       TENDENCY_LOC%T 2D3 -0.4132200394167E-04  0.5435278446361E-04  0.5211793724456E-17  0.2774428055972E-17  0.1248525141960E-11 !!!!
     TENDENCY_LOC%CLD 3D1 -0.1222481036148E-07  0.9816546350973E-08  0.5053039566933E-21  0.3876041328172E-21  0.0000000000000E+00     
