cpu-bind=MASK - ault07, task  0  0 [1897968]: mask 0xffff000000000000ffff set
     NUMPROC=1, NUMOMP=32, NGPTOTG=262144, NPROMA=128, NGPBLKS=2048
 Reference MFLOP count for 100 columns :  12.48232900
     NUMOMP    NGPTOT  #GP-cols     #BLKS    NPROMA tid# : Time(msec)  MFlops/s     col/s
         32    262144      7424        58       128    0 :       1349       686    194211 @ rank#0:core#64
         32    262144      8320        65       128    1 :       1349       769    194263 @ rank#0:core#0
         32    262144      8192        64       128    2 :       1343       761    195127 @ rank#0:core#65
         32    262144      8192        64       128    3 :       1348       758    194448 @ rank#0:core#1
         32    262144      8192        64       128    4 :       1342       761    195260 @ rank#0:core#66
         32    262144      8192        64       128    5 :       1347       759    194602 @ rank#0:core#2
         32    262144      8192        64       128    6 :       1342       761    195204 @ rank#0:core#3
         32    262144      8192        64       128    7 :       1345       760    194837 @ rank#0:core#67
         32    262144      8192        64       128    8 :       1343       761    195098 @ rank#0:core#68
         32    262144      8192        64       128    9 :       1353       755    193728 @ rank#0:core#4
         32    262144      8192        64       128   10 :       1351       756    193982 @ rank#0:core#5
         32    262144      8192        64       128   11 :       1347       758    194524 @ rank#0:core#69
         32    262144      8192        64       128   12 :       1350       757    194147 @ rank#0:core#70
         32    262144      8064        63       128   13 :       1340       750    195521 @ rank#0:core#6
         32    262144      8064        63       128   14 :       1338       751    195787 @ rank#0:core#7
         32    262144      8192        64       128   15 :       1348       758    194332 @ rank#0:core#71
         32    262144      8064        63       128   16 :       1339       751    195670 @ rank#0:core#72
         32    262144      8192        64       128   17 :       1350       757    194082 @ rank#0:core#8
         32    262144      8192        64       128   18 :       1344       760    194967 @ rank#0:core#9
         32    262144      8192        64       128   19 :       1339       763    195694 @ rank#0:core#73
         32    262144      8320        65       128   20 :       1352       767    193783 @ rank#0:core#74
         32    262144      8192        64       128   21 :       1345       760    194888 @ rank#0:core#10
         32    262144      8192        64       128   22 :       1354       755    193604 @ rank#0:core#11
         32    262144      8192        64       128   23 :       1350       757    194070 @ rank#0:core#75
         32    262144      8320        65       128   24 :       1351       768    193914 @ rank#0:core#76
         32    262144      8320        65       128   25 :       1347       770    194610 @ rank#0:core#12
         32    262144      8320        65       128   26 :       1344       772    194967 @ rank#0:core#13
         32    262144      8448        66       128   27 :       1351       780    193983 @ rank#0:core#77
         32    262144      8320        65       128   28 :       1348       770    194457 @ rank#0:core#78
         32    262144      8192        64       128   29 :       1345       760    194878 @ rank#0:core#14
         32    262144      8192        64       128   30 :       1340       762    195591 @ rank#0:core#15
         32    262144      8320        65       128   31 :       1346       771    194644 @ rank#0:core#79
         32    262144    262144      2048       128   -1 :       1354     24162    193574 : TOTAL @ rank#0
    1 x  32    262144    262144      2048       128   -1 :       1354     24162    193574 : TOTAL
             Variable Dim             MinValue             MaxValue            AbsMaxErr         AvgAbsErr/GP          MaxRelErr-%
                PLUDE 2D1  0.0000000000000E+00  0.1026720108982E-03  0.0000000000000E+00  0.0000000000000E+00  0.0000000000000E+00     
             PCOVPTOT 2D3  0.0000000000000E+00  0.1000000000000E+01  0.2442490654175E-14  0.1338449170120E-14  0.5022634984648E-14     
     PRAINFRAC_TOPRFZ 1D1  0.0000000000000E+00  0.0000000000000E+00  0.0000000000000E+00  0.0000000000000E+00  0.0000000000000E+00     
               PFSQLF 2D3 -0.2581756360096E-05  0.4080862802487E-05  0.1086849150446E-18  0.1944827154974E-18  0.1909879370414E-11 !!!!
               PFSQIF 2D3 -0.2810873821405E-05  0.3887836598167E-05  0.8343274530455E-19  0.1508587726554E-18  0.6732185202831E-12 !!!!
              PFCQLNG 2D1 -0.3555564290808E-07  0.1413389467871E-08  0.0000000000000E+00  0.0000000000000E+00  0.0000000000000E+00     
              PFCQNNG 2D1 -0.5285014021662E-06  0.8788562329576E-08  0.0000000000000E+00  0.0000000000000E+00  0.0000000000000E+00     
               PFSQRF 2D3 -0.2581756360096E-05  0.4080862802487E-05  0.1086849150446E-18  0.1858211185967E-18  0.1921578856384E-11 !!!!
               PFSQSF 2D3 -0.2768876986308E-05  0.3860349895496E-05  0.8216219588367E-19  0.1485029857133E-18  0.6665363521197E-12 !!!!
              PFCQRNG 2D1 -0.3555564290808E-07  0.1413389467871E-08  0.0000000000000E+00  0.0000000000000E+00  0.0000000000000E+00     
              PFCQSNG 2D1 -0.5285014021662E-06  0.8788562329576E-08  0.0000000000000E+00  0.0000000000000E+00  0.0000000000000E+00     
             PFSQLTUR 2D1 -0.8115949343062E-06  0.2653456385227E-06  0.0000000000000E+00  0.0000000000000E+00  0.0000000000000E+00     
             PFSQITUR 2D1 -0.2651690301090E-05  0.3864567769232E-06  0.0000000000000E+00  0.0000000000000E+00  0.0000000000000E+00     
               PFPLSL 2D1  0.0000000000000E+00  0.0000000000000E+00  0.0000000000000E+00  0.0000000000000E+00  0.0000000000000E+00     
               PFPLSN 2D3  0.0000000000000E+00  0.2969958004108E-04  0.1634773588201E-18  0.3833205973066E-18  0.2213617314798E-12     
               PFHPSL 2D1 -0.0000000000000E+00 -0.0000000000000E+00  0.0000000000000E+00  0.0000000000000E+00  0.0000000000000E+00     
               PFHPSN 2D3 -0.8418345962643E+02 -0.0000000000000E+00  0.4618527782441E-12  0.1086864570289E-11  0.2214314772787E-12     
       TENDENCY_LOC%A 2D3 -0.2777777777778E-03  0.2631309809623E-03  0.1785714859402E-16  0.2061969643246E-17  0.4517092612077E-12 !!!!
       TENDENCY_LOC%Q 2D3 -0.1997382404851E-07  0.1495580073796E-07  0.1806976048122E-20  0.8635259987013E-21  0.1102412406643E-11 !!!!
       TENDENCY_LOC%T 2D3 -0.4132200394167E-04  0.5435278446361E-04  0.5211793724456E-17  0.2774436649255E-17  0.1248479237774E-11 !!!!
     TENDENCY_LOC%CLD 3D1 -0.1222481036148E-07  0.9816546350973E-08  0.5053039566933E-21  0.3876127713135E-21  0.0000000000000E+00     
