cpu-bind=MASK - ault10, task  0  0 [2522977]: mask 0xffff000000000000ffff set
     NUMPROC=1, NUMOMP=32, NGPTOTG=8192, NPROMA=16, NGPBLKS=512
 Reference MFLOP count for 100 columns :  12.48232900
     NUMOMP    NGPTOT  #GP-cols     #BLKS    NPROMA tid# : Time(msec)  MFlops/s     col/s
         32      8192       272        17        16    0 :         50       669    161433 @ rank#0:core#64
         32      8192       256        16        16    1 :         49       648    166169 @ rank#0:core#0
         32      8192       256        16        16    2 :         50       626    160709 @ rank#0:core#1
         32      8192       256        16        16    3 :         49       643    165016 @ rank#0:core#1
         32      8192       256        16        16    4 :         50       636    163068 @ rank#0:core#66
         32      8192       256        16        16    5 :         49       640    164104 @ rank#0:core#2
         32      8192       256        16        16    6 :         51       626    160623 @ rank#0:core#3
         32      8192       272        17        16    7 :         51       663    160078 @ rank#0:core#67
         32      8192       256        16        16    8 :         50       628    161029 @ rank#0:core#68
         32      8192       240        15        16    9 :         49       601    164360 @ rank#0:core#4
         32      8192       256        16        16   10 :         50       634    162585 @ rank#0:core#5
         32      8192       256        16        16   11 :         51       626    160564 @ rank#0:core#69
         32      8192       240        15        16   12 :         49       600    164303 @ rank#0:core#70
         32      8192       240        15        16   13 :         50       597    163505 @ rank#0:core#6
         32      8192       256        16        16   14 :         50       633    162408 @ rank#0:core#7
         32      8192       240        15        16   15 :         49       600    164183 @ rank#0:core#71
         32      8192       272        17        16   16 :         51       664    160448 @ rank#0:core#72
         32      8192       272        17        16   17 :         51       662    159791 @ rank#0:core#8
         32      8192       256        16        16   18 :         49       640    164183 @ rank#0:core#9
         32      8192       272        17        16   19 :         50       667    161049 @ rank#0:core#73
         32      8192       256        16        16   20 :         49       650    166821 @ rank#0:core#74
         32      8192       256        16        16   21 :         49       642    164589 @ rank#0:core#10
         32      8192       256        16        16   22 :         49       651    166989 @ rank#0:core#11
         32      8192       256        16        16   23 :         49       645    165375 @ rank#0:core#75
         32      8192       256        16        16   24 :         49       640    164157 @ rank#0:core#76
         32      8192       240        15        16   25 :         49       610    166991 @ rank#0:core#12
         32      8192       256        16        16   26 :         50       638    163648 @ rank#0:core#13
         32      8192       256        16        16   27 :         50       630    161633 @ rank#0:core#77
         32      8192       256        16        16   28 :         50       638    163589 @ rank#0:core#78
         32      8192       256        16        16   29 :         50       630    161671 @ rank#0:core#14
         32      8192       256        16        16   30 :         49       640    164102 @ rank#0:core#15
         32      8192       256        16        16   31 :         50       638    163566 @ rank#0:core#79
         32      8192      8192       512        16   -1 :         51     19907    159488 : TOTAL @ rank#0
    1 x  32      8192      8192       512        16   -1 :         51     19907    159488 : TOTAL
             Variable Dim             MinValue             MaxValue            AbsMaxErr         AvgAbsErr/GP          MaxRelErr-%
                PLUDE 2D1  0.0000000000000E+00  0.1026720108982E-03  0.0000000000000E+00  0.0000000000000E+00  0.0000000000000E+00     
             PCOVPTOT 2D3  0.0000000000000E+00  0.1000000000000E+01  0.2442490654175E-14  0.1338932084779E-14  0.5023917654243E-14     
     PRAINFRAC_TOPRFZ 1D1  0.0000000000000E+00  0.0000000000000E+00  0.0000000000000E+00  0.0000000000000E+00  0.0000000000000E+00     
               PFSQLF 2D3 -0.2581756360096E-05  0.4080862802487E-05  0.1086849150446E-18  0.1944771780139E-18  0.1913342765312E-11 !!!!
               PFSQIF 2D3 -0.2810873821405E-05  0.3887836598167E-05  0.8343274530455E-19  0.1508481733102E-18  0.6730289603472E-12 !!!!
              PFCQLNG 2D1 -0.3555564290808E-07  0.1413389467871E-08  0.0000000000000E+00  0.0000000000000E+00  0.0000000000000E+00     
              PFCQNNG 2D1 -0.5285014021662E-06  0.8788562329576E-08  0.0000000000000E+00  0.0000000000000E+00  0.0000000000000E+00     
               PFSQRF 2D3 -0.2581756360096E-05  0.4080862802487E-05  0.1086849150446E-18  0.1858149401654E-18  0.1925035340517E-11 !!!!
               PFSQSF 2D3 -0.2768876986308E-05  0.3860349895496E-05  0.8216219588367E-19  0.1484928073494E-18  0.6663428660067E-12 !!!!
              PFCQRNG 2D1 -0.3555564290808E-07  0.1413389467871E-08  0.0000000000000E+00  0.0000000000000E+00  0.0000000000000E+00     
              PFCQSNG 2D1 -0.5285014021662E-06  0.8788562329576E-08  0.0000000000000E+00  0.0000000000000E+00  0.0000000000000E+00     
             PFSQLTUR 2D1 -0.8115949343062E-06  0.2653456385227E-06  0.0000000000000E+00  0.0000000000000E+00  0.0000000000000E+00     
             PFSQITUR 2D1 -0.2651690301090E-05  0.3864567769232E-06  0.0000000000000E+00  0.0000000000000E+00  0.0000000000000E+00     
               PFPLSL 2D1  0.0000000000000E+00  0.0000000000000E+00  0.0000000000000E+00  0.0000000000000E+00  0.0000000000000E+00     
               PFPLSN 2D3  0.0000000000000E+00  0.2969958004108E-04  0.1634773588201E-18  0.3833144424864E-18  0.2214218206021E-12     
               PFHPSL 2D1 -0.0000000000000E+00 -0.0000000000000E+00  0.0000000000000E+00  0.0000000000000E+00  0.0000000000000E+00     
               PFHPSN 2D3 -0.8418345962643E+02 -0.0000000000000E+00  0.4618527782441E-12  0.1086844658326E-11  0.2214910838747E-12     
       TENDENCY_LOC%A 2D3 -0.2777777777778E-03  0.2631309809623E-03  0.1785714859402E-16  0.2062614485325E-17  0.4518769356260E-12 !!!!
       TENDENCY_LOC%Q 2D1 -0.1997382404851E-07  0.1495580073796E-07  0.1806976048122E-20  0.8635158769719E-21  0.0000000000000E+00     
       TENDENCY_LOC%T 2D3 -0.4132200394167E-04  0.5435278446361E-04  0.5211793724456E-17  0.2774248118326E-17  0.1248762571266E-11 !!!!
     TENDENCY_LOC%CLD 3D1 -0.1222481036148E-07  0.9816546350973E-08  0.5053039566933E-21  0.3875623099068E-21  0.0000000000000E+00     
