cpu-bind=MASK - ault10, task  0  0 [2538639]: mask 0xffff000000000000ffff set
     NUMPROC=1, NUMOMP=32, NGPTOTG=32768, NPROMA=8, NGPBLKS=4096
 Reference MFLOP count for 100 columns :  12.48232900
     NUMOMP    NGPTOT  #GP-cols     #BLKS    NPROMA tid# : Time(msec)  MFlops/s     col/s
         32     32768      1016       127         8    0 :        173       731    188974 @ rank#0:core#64
         32     32768      1016       127         8    1 :        172       733    189489 @ rank#0:core#0
         32     32768      1016       127         8    2 :        172       737    190473 @ rank#0:core#1
         32     32768      1016       127         8    3 :        172       734    189662 @ rank#0:core#1
         32     32768      1024       128         8    4 :        172       741    190093 @ rank#0:core#66
         32     32768      1024       128         8    5 :        173       737    189042 @ rank#0:core#2
         32     32768      1024       128         8    6 :        172       740    189887 @ rank#0:core#3
         32     32768      1024       128         8    7 :        172       740    189929 @ rank#0:core#67
         32     32768      1016       127         8    8 :        172       734    189738 @ rank#0:core#68
         32     32768      1016       127         8    9 :        172       735    189961 @ rank#0:core#4
         32     32768      1024       128         8   10 :        173       737    189145 @ rank#0:core#5
         32     32768      1016       127         8   11 :        172       736    190220 @ rank#0:core#69
         32     32768      1016       127         8   12 :        172       734    189673 @ rank#0:core#70
         32     32768      1016       127         8   13 :        172       735    190005 @ rank#0:core#6
         32     32768      1024       128         8   14 :        172       738    189442 @ rank#0:core#7
         32     32768      1024       128         8   15 :        172       738    189430 @ rank#0:core#71
         32     32768      1032       129         8   16 :        172       745    189691 @ rank#0:core#72
         32     32768      1024       128         8   17 :        172       740    189853 @ rank#0:core#8
         32     32768      1024       128         8   18 :        172       740    189784 @ rank#0:core#9
         32     32768      1032       129         8   19 :        172       745    189657 @ rank#0:core#73
         32     32768      1032       129         8   20 :        173       744    189383 @ rank#0:core#74
         32     32768      1032       129         8   21 :        172       745    189522 @ rank#0:core#10
         32     32768      1032       129         8   22 :        172       746    189806 @ rank#0:core#11
         32     32768      1032       129         8   23 :        172       746    189899 @ rank#0:core#75
         32     32768      1024       128         8   24 :        172       739    189539 @ rank#0:core#76
         32     32768      1024       128         8   25 :        172       741    190078 @ rank#0:core#12
         32     32768      1032       129         8   26 :        172       745    189558 @ rank#0:core#13
         32     32768      1024       128         8   27 :        172       740    189729 @ rank#0:core#77
         32     32768      1032       129         8   28 :        173       742    188999 @ rank#0:core#78
         32     32768      1032       129         8   29 :        172       744    189453 @ rank#0:core#14
         32     32768      1016       127         8   30 :        172       734    189778 @ rank#0:core#15
         32     32768      1032       129         8   31 :        173       744    189333 @ rank#0:core#79
         32     32768     32768      4096         8   -1 :        173     23573    188855 : TOTAL @ rank#0
    1 x  32     32768     32768      4096         8   -1 :        173     23573    188855 : TOTAL
             Variable Dim             MinValue             MaxValue            AbsMaxErr         AvgAbsErr/GP          MaxRelErr-%
                PLUDE 2D1  0.0000000000000E+00  0.1026720108982E-03  0.0000000000000E+00  0.0000000000000E+00  0.0000000000000E+00     
             PCOVPTOT 2D3  0.0000000000000E+00  0.1000000000000E+01  0.2442490654175E-14  0.1338412430066E-14  0.5022496464021E-14     
     PRAINFRAC_TOPRFZ 1D1  0.0000000000000E+00  0.0000000000000E+00  0.0000000000000E+00  0.0000000000000E+00  0.0000000000000E+00     
               PFSQLF 2D3 -0.2581756360096E-05  0.4080862802487E-05  0.1086849150446E-18  0.1944399166502E-18  0.1910233572263E-11 !!!!
               PFSQIF 2D3 -0.2810873821405E-05  0.3887836598167E-05  0.8343274530455E-19  0.1508879372010E-18  0.6733997719582E-12 !!!!
              PFCQLNG 2D1 -0.3555564290808E-07  0.1413389467871E-08  0.0000000000000E+00  0.0000000000000E+00  0.0000000000000E+00     
              PFCQNNG 2D1 -0.5285014021662E-06  0.8788562329576E-08  0.0000000000000E+00  0.0000000000000E+00  0.0000000000000E+00     
               PFSQRF 2D3 -0.2581756360096E-05  0.4080862802487E-05  0.1086849150446E-18  0.1857804727577E-18  0.1921937795039E-11 !!!!
               PFSQSF 2D3 -0.2768876986308E-05  0.3860349895496E-05  0.8216219588367E-19  0.1485312296220E-18  0.6667169913732E-12 !!!!
              PFCQRNG 2D1 -0.3555564290808E-07  0.1413389467871E-08  0.0000000000000E+00  0.0000000000000E+00  0.0000000000000E+00     
              PFCQSNG 2D1 -0.5285014021662E-06  0.8788562329576E-08  0.0000000000000E+00  0.0000000000000E+00  0.0000000000000E+00     
             PFSQLTUR 2D1 -0.8115949343062E-06  0.2653456385227E-06  0.0000000000000E+00  0.0000000000000E+00  0.0000000000000E+00     
             PFSQITUR 2D1 -0.2651690301090E-05  0.3864567769232E-06  0.0000000000000E+00  0.0000000000000E+00  0.0000000000000E+00     
               PFPLSL 2D1  0.0000000000000E+00  0.0000000000000E+00  0.0000000000000E+00  0.0000000000000E+00  0.0000000000000E+00     
               PFPLSN 2D3  0.0000000000000E+00  0.2969958004108E-04  0.1634773588201E-18  0.3833587296267E-18  0.2214471953352E-12     
               PFHPSL 2D1 -0.0000000000000E+00 -0.0000000000000E+00  0.0000000000000E+00  0.0000000000000E+00  0.0000000000000E+00     
               PFHPSN 2D3 -0.8418345962643E+02 -0.0000000000000E+00  0.4618527782441E-12  0.1086972586023E-11  0.2215169467886E-12     
       TENDENCY_LOC%A 2D3 -0.2777777777778E-03  0.2631309809623E-03  0.1785714859402E-16  0.2061272233219E-17  0.4516133141713E-12 !!!!
       TENDENCY_LOC%Q 2D1 -0.1997382404851E-07  0.1495580073796E-07  0.1806976048122E-20  0.8636297329458E-21  0.0000000000000E+00     
       TENDENCY_LOC%T 2D3 -0.4132200394167E-04  0.5435278446361E-04  0.5211793724456E-17  0.2774665749429E-17  0.1248784487098E-11 !!!!
     TENDENCY_LOC%CLD 3D1 -0.1222481036148E-07  0.9816546350973E-08  0.5053039566933E-21  0.3876223463278E-21  0.0000000000000E+00     
