cpu-bind=MASK - ault10, task  0  0 [2541002]: mask 0xffff000000000000ffff set
     NUMPROC=1, NUMOMP=32, NGPTOTG=32768, NPROMA=32, NGPBLKS=1024
 Reference MFLOP count for 100 columns :  12.48232900
     NUMOMP    NGPTOT  #GP-cols     #BLKS    NPROMA tid# : Time(msec)  MFlops/s     col/s
         32     32768      1024        32        32    0 :        177       719    184464 @ rank#0:core#64
         32     32768       992        31        32    1 :        175       703    186239 @ rank#0:core#0
         32     32768      1024        32        32    2 :        177       721    184851 @ rank#0:core#1
         32     32768       992        31        32    3 :        175       704    186440 @ rank#0:core#1
         32     32768       992        31        32    4 :        175       704    186477 @ rank#0:core#66
         32     32768      1024        32        32    5 :        177       721    184916 @ rank#0:core#2
         32     32768      1024        32        32    6 :        174       732    187859 @ rank#0:core#3
         32     32768       992        31        32    7 :        174       708    187480 @ rank#0:core#67
         32     32768       992        31        32    8 :        175       705    186717 @ rank#0:core#68
         32     32768       992        31        32    9 :        175       704    186391 @ rank#0:core#4
         32     32768       992        31        32   10 :        176       703    186072 @ rank#0:core#5
         32     32768       992        31        32   11 :        174       707    187276 @ rank#0:core#69
         32     32768       992        31        32   12 :        176       701    185510 @ rank#0:core#70
         32     32768       992        31        32   13 :        176       703    186056 @ rank#0:core#6
         32     32768       992        31        32   14 :        176       703    186120 @ rank#0:core#7
         32     32768       960        30        32   15 :        174       687    187908 @ rank#0:core#71
         32     32768      1056        33        32   16 :        176       745    185275 @ rank#0:core#72
         32     32768      1024        32        32   17 :        174       732    187762 @ rank#0:core#8
         32     32768      1024        32        32   18 :        175       728    186721 @ rank#0:core#9
         32     32768      1056        33        32   19 :        175       750    186528 @ rank#0:core#73
         32     32768      1024        32        32   20 :        175       728    186838 @ rank#0:core#74
         32     32768      1024        32        32   21 :        174       732    187658 @ rank#0:core#10
         32     32768      1056        33        32   22 :        176       746    185631 @ rank#0:core#11
         32     32768      1056        33        32   23 :        176       748    186081 @ rank#0:core#75
         32     32768      1056        33        32   24 :        177       742    184683 @ rank#0:core#76
         32     32768      1056        33        32   25 :        177       744    185126 @ rank#0:core#12
         32     32768      1056        33        32   26 :        175       749    186252 @ rank#0:core#13
         32     32768      1088        34        32   27 :        176       767    185170 @ rank#0:core#77
         32     32768      1056        33        32   28 :        178       740    184037 @ rank#0:core#78
         32     32768      1056        33        32   29 :        178       740    184068 @ rank#0:core#14
         32     32768      1056        33        32   30 :        175       749    186407 @ rank#0:core#15
         32     32768      1056        33        32   31 :        175       752    187083 @ rank#0:core#79
         32     32768     32768      1024        32   -1 :        178     22956    183910 : TOTAL @ rank#0
    1 x  32     32768     32768      1024        32   -1 :        178     22956    183910 : TOTAL
             Variable Dim             MinValue             MaxValue            AbsMaxErr         AvgAbsErr/GP          MaxRelErr-%
                PLUDE 2D1  0.0000000000000E+00  0.1026720108982E-03  0.0000000000000E+00  0.0000000000000E+00  0.0000000000000E+00     
             PCOVPTOT 2D3  0.0000000000000E+00  0.1000000000000E+01  0.2442490654175E-14  0.1338412430066E-14  0.5022496464021E-14     
     PRAINFRAC_TOPRFZ 1D1  0.0000000000000E+00  0.0000000000000E+00  0.0000000000000E+00  0.0000000000000E+00  0.0000000000000E+00     
               PFSQLF 2D3 -0.2581756360096E-05  0.4080862802487E-05  0.1086849150446E-18  0.1944399166502E-18  0.1910233572263E-11 !!!!
               PFSQIF 2D3 -0.2810873821405E-05  0.3887836598167E-05  0.8343274530455E-19  0.1508879372010E-18  0.6733997719582E-12 !!!!
              PFCQLNG 2D1 -0.3555564290808E-07  0.1413389467871E-08  0.0000000000000E+00  0.0000000000000E+00  0.0000000000000E+00     
              PFCQNNG 2D1 -0.5285014021662E-06  0.8788562329576E-08  0.0000000000000E+00  0.0000000000000E+00  0.0000000000000E+00     
               PFSQRF 2D3 -0.2581756360096E-05  0.4080862802487E-05  0.1086849150446E-18  0.1857804727577E-18  0.1921937795039E-11 !!!!
               PFSQSF 2D3 -0.2768876986308E-05  0.3860349895496E-05  0.8216219588367E-19  0.1485312296220E-18  0.6667169913732E-12 !!!!
              PFCQRNG 2D1 -0.3555564290808E-07  0.1413389467871E-08  0.0000000000000E+00  0.0000000000000E+00  0.0000000000000E+00     
              PFCQSNG 2D1 -0.5285014021662E-06  0.8788562329576E-08  0.0000000000000E+00  0.0000000000000E+00  0.0000000000000E+00     
             PFSQLTUR 2D1 -0.8115949343062E-06  0.2653456385227E-06  0.0000000000000E+00  0.0000000000000E+00  0.0000000000000E+00     
             PFSQITUR 2D1 -0.2651690301090E-05  0.3864567769232E-06  0.0000000000000E+00  0.0000000000000E+00  0.0000000000000E+00     
               PFPLSL 2D1  0.0000000000000E+00  0.0000000000000E+00  0.0000000000000E+00  0.0000000000000E+00  0.0000000000000E+00     
               PFPLSN 2D3  0.0000000000000E+00  0.2969958004108E-04  0.1634773588201E-18  0.3833587296267E-18  0.2214471953352E-12     
               PFHPSL 2D1 -0.0000000000000E+00 -0.0000000000000E+00  0.0000000000000E+00  0.0000000000000E+00  0.0000000000000E+00     
               PFHPSN 2D3 -0.8418345962643E+02 -0.0000000000000E+00  0.4618527782441E-12  0.1086972586023E-11  0.2215169467886E-12     
       TENDENCY_LOC%A 2D3 -0.2777777777778E-03  0.2631309809623E-03  0.1785714859402E-16  0.2061272233219E-17  0.4516133141713E-12 !!!!
       TENDENCY_LOC%Q 2D1 -0.1997382404851E-07  0.1495580073796E-07  0.1806976048122E-20  0.8636297329458E-21  0.0000000000000E+00     
       TENDENCY_LOC%T 2D3 -0.4132200394167E-04  0.5435278446361E-04  0.5211793724456E-17  0.2774665749429E-17  0.1248784487098E-11 !!!!
     TENDENCY_LOC%CLD 3D1 -0.1222481036148E-07  0.9816546350973E-08  0.5053039566933E-21  0.3876223463278E-21  0.0000000000000E+00     
